1086.0000	0.0000	0.0000
1086.0000	0.0010	nan
1086.0000	0.0020	nan
1086.0000	0.0030	nan
1086.0000	0.0040	5.9530
1086.0000	0.0050	7.3646
1086.0000	0.0060	10.7119
1086.0000	0.0070	14.5854
1086.0000	0.0080	18.5495
1086.0000	0.0090	23.8262
1086.0000	0.0100	30.9863
1086.0000	0.0110	39.5485
1086.0000	0.0120	49.0588
1086.0000	0.0130	61.4456
1086.0000	0.0140	72.5761
1086.0000	0.0150	83.6916
1086.0000	0.0160	93.2189
1086.0000	0.0170	99.8392
1086.0000	0.0180	104.2258
1086.0000	0.0190	107.9890
1086.0000	0.0200	111.9033
1086.0000	0.0210	113.4723
1086.0000	0.0220	116.6045
1086.0000	0.0230	117.5858
1086.0000	0.0240	119.6833
1086.0000	0.0250	120.4152
1086.0000	0.0260	120.7000
1086.0000	0.0270	121.6686
1086.0000	0.0280	121.6930
1086.0000	0.0290	122.1909
1086.0000	0.0300	122.1664
1086.0000	0.0310	121.9675
1086.0000	0.0320	120.1069
1086.0000	0.0330	119.5350
1086.0000	0.0340	118.8553
1086.0000	0.0350	118.9616
1086.0000	0.0360	117.9527
1086.0000	0.0370	115.1422
1086.0000	0.0380	114.5622
1086.0000	0.0390	114.2619
1086.0000	0.0400	112.1717
1086.0000	0.0410	110.9623
1086.0000	0.0420	109.6088
1086.0000	0.0430	108.3022
1086.0000	0.0440	106.3704
1086.0000	0.0450	104.7060
1086.0000	0.0460	103.5996
1086.0000	0.0470	100.6421
1086.0000	0.0480	98.5446
1086.0000	0.0490	97.0804
1086.0000	0.0500	96.3378
1086.0000	0.0510	93.7635
1086.0000	0.0520	91.7264
1086.0000	0.0530	89.8093
1086.0000	0.0540	88.0182
1086.0000	0.0550	86.1522
1086.0000	0.0560	83.4516
1086.0000	0.0570	81.3940
1086.0000	0.0580	78.8656
1086.0000	0.0590	76.5467
1086.0000	0.0600	73.9787
1086.0000	0.0610	71.0884
1086.0000	0.0620	67.8009
1086.0000	0.0630	63.5514
1086.0000	0.0640	60.0978
1086.0000	0.0650	55.6060
1086.0000	0.0660	49.7852
1086.0000	0.0670	42.4348
1086.0000	0.0680	35.4503
1086.0000	0.0690	29.1966
1086.0000	0.0700	23.8707
1086.0000	0.0710	19.6982
1086.0000	0.0720	16.1455
1086.0000	0.0730	13.6003
1086.0000	0.0740	10.8934
1086.0000	0.0750	9.5935
1086.0000	0.0760	0.0000
1086.0000	0.0770	0.0000
1086.0000	0.0780	0.0000
1086.0000	0.0790	0.0000
1086.0000	0.0800	0.0000
1086.0000	0.0810	0.0000
1086.0000	0.0820	0.0000
1086.0000	0.0830	0.0000
1086.0000	0.0840	0.0000
1086.0000	0.0850	0.0000
1086.0000	0.0860	0.0000
1086.0000	0.0870	0.0000
1086.0000	0.0880	0.0000
1086.0000	0.0890	0.0000
1086.0000	0.0900	0.0000
1086.0000	0.0910	0.0000
1086.0000	0.0920	0.0000
1086.0000	0.0930	0.0000
1086.0000	0.0940	0.0000
1086.0000	0.0950	0.0000
1086.0000	0.0960	0.0000
1086.0000	0.0970	0.0000
1086.0000	0.0980	0.0000
1086.0000	0.0990	0.0000
1086.0000	0.1000	0.0000
1086.0000	0.1010	0.0000
1086.0000	0.1020	0.0000
1086.0000	0.1030	0.0000
1086.0000	0.1040	0.0000
1086.0000	0.1050	0.0000
1086.0000	0.1060	0.0000
1086.0000	0.1070	0.0000
1086.0000	0.1080	0.0000
1086.0000	0.1090	0.0000
1086.0000	0.1100	0.0000
1086.0000	0.1110	0.0000
1086.0000	0.1120	0.0000
1086.0000	0.1130	0.0000
1086.0000	0.1140	0.0000
1086.0000	0.1150	0.0000
1086.0000	0.1160	0.0000
1086.0000	0.1170	0.0000
1086.0000	0.1180	0.0000
1086.0000	0.1190	0.0000
1088.0000	0.0000	0.0000
1088.0000	0.0010	nan
1088.0000	0.0020	nan
1088.0000	0.0030	1.6590
1088.0000	0.0040	2.3069
1088.0000	0.0050	3.0120
1088.0000	0.0060	3.8492
1088.0000	0.0070	5.0100
1088.0000	0.0080	6.7711
1088.0000	0.0090	8.6884
1088.0000	0.0100	10.8188
1088.0000	0.0110	13.7196
1088.0000	0.0120	16.9143
1088.0000	0.0130	20.8040
1088.0000	0.0140	25.0782
1088.0000	0.0150	29.8783
1088.0000	0.0160	34.7655
1088.0000	0.0170	39.4845
1088.0000	0.0180	43.0840
1088.0000	0.0190	45.8917
1088.0000	0.0200	48.4219
1088.0000	0.0210	51.6390
1088.0000	0.0220	53.5633
1088.0000	0.0230	54.7894
1088.0000	0.0240	55.6540
1088.0000	0.0250	58.0083
1088.0000	0.0260	58.5802
1088.0000	0.0270	59.5988
1088.0000	0.0280	60.6315
1088.0000	0.0290	61.0916
1088.0000	0.0300	61.7721
1088.0000	0.0310	61.8773
1088.0000	0.0320	62.4136
1088.0000	0.0330	61.8799
1088.0000	0.0340	62.3738
1088.0000	0.0350	62.4815
1088.0000	0.0360	62.0455
1088.0000	0.0370	62.4500
1088.0000	0.0380	61.6898
1088.0000	0.0390	62.2531
1088.0000	0.0400	61.9478
1088.0000	0.0410	61.0156
1088.0000	0.0420	60.4709
1088.0000	0.0430	61.1411
1088.0000	0.0440	59.7607
1088.0000	0.0450	60.1648
1088.0000	0.0460	59.2175
1088.0000	0.0470	58.9642
1088.0000	0.0480	58.7542
1088.0000	0.0490	58.3421
1088.0000	0.0500	57.8954
1088.0000	0.0510	56.9536
1088.0000	0.0520	56.1115
1088.0000	0.0530	55.5308
1088.0000	0.0540	54.8136
1088.0000	0.0550	53.7461
1088.0000	0.0560	52.6899
1088.0000	0.0570	51.8547
1088.0000	0.0580	50.6883
1088.0000	0.0590	49.8505
1088.0000	0.0600	48.4841
1088.0000	0.0610	47.4326
1088.0000	0.0620	46.0471
1088.0000	0.0630	43.7858
1088.0000	0.0640	41.3227
1088.0000	0.0650	39.4095
1088.0000	0.0660	36.4587
1088.0000	0.0670	32.7406
1088.0000	0.0680	28.4455
1088.0000	0.0690	23.8162
1088.0000	0.0700	19.3538
1088.0000	0.0710	16.0858
1088.0000	0.0720	12.7204
1088.0000	0.0730	10.4945
1088.0000	0.0740	8.3324
1088.0000	0.0750	7.0281
1088.0000	0.0760	5.6389
1088.0000	0.0770	4.4541
1088.0000	0.0780	nan
1088.0000	0.0790	0.0000
1088.0000	0.0800	0.0000
1088.0000	0.0810	0.0000
1088.0000	0.0820	0.0000
1088.0000	0.0830	0.0000
1088.0000	0.0840	0.0000
1088.0000	0.0850	0.0000
1088.0000	0.0860	0.0000
1088.0000	0.0870	0.0000
1088.0000	0.0880	0.0000
1088.0000	0.0890	0.0000
1088.0000	0.0900	0.0000
1088.0000	0.0910	0.0000
1088.0000	0.0920	0.0000
1088.0000	0.0930	0.0000
1088.0000	0.0940	0.0000
1088.0000	0.0950	0.0000
1088.0000	0.0960	0.0000
1088.0000	0.0970	0.0000
1088.0000	0.0980	0.0000
1088.0000	0.0990	0.0000
1088.0000	0.1000	0.0000
1088.0000	0.1010	0.0000
1088.0000	0.1020	0.0000
1088.0000	0.1030	0.0000
1088.0000	0.1040	0.0000
1088.0000	0.1050	0.0000
1088.0000	0.1060	0.0000
1088.0000	0.1070	0.0000
1088.0000	0.1080	0.0000
1088.0000	0.1090	0.0000
1088.0000	0.1100	0.0000
1088.0000	0.1110	0.0000
1088.0000	0.1120	0.0000
1088.0000	0.1130	0.0000
1088.0000	0.1140	0.0000
1088.0000	0.1150	0.0000
1088.0000	0.1160	0.0000
1088.0000	0.1170	0.0000
1088.0000	0.1180	0.0000
1088.0000	0.1190	0.0000
1089.0000	0.0000	0.0000
1089.0000	0.0010	nan
1089.0000	0.0020	nan
1089.0000	0.0030	nan
1089.0000	0.0040	nan
1089.0000	0.0050	0.7648
1089.0000	0.0060	0.8183
1089.0000	0.0070	0.9532
1089.0000	0.0080	1.0364
1089.0000	0.0090	1.3474
1089.0000	0.0100	1.5444
1089.0000	0.0110	1.7516
1089.0000	0.0120	2.0261
1089.0000	0.0130	2.5266
1089.0000	0.0140	3.0171
1089.0000	0.0150	3.5439
1089.0000	0.0160	4.1427
1089.0000	0.0170	5.0613
1089.0000	0.0180	5.8982
1089.0000	0.0190	6.9786
1089.0000	0.0200	8.1398
1089.0000	0.0210	9.6492
1089.0000	0.0220	11.1843
1089.0000	0.0230	12.7040
1089.0000	0.0240	14.6214
1089.0000	0.0250	16.5045
1089.0000	0.0260	18.2483
1089.0000	0.0270	19.5179
1089.0000	0.0280	20.8621
1089.0000	0.0290	21.5922
1089.0000	0.0300	22.3355
1089.0000	0.0310	23.2912
1089.0000	0.0320	23.4872
1089.0000	0.0330	24.4111
1089.0000	0.0340	25.0525
1089.0000	0.0350	24.9728
1089.0000	0.0360	25.1772
1089.0000	0.0370	25.9572
1089.0000	0.0380	26.2921
1089.0000	0.0390	26.6163
1089.0000	0.0400	27.0938
1089.0000	0.0410	27.0022
1089.0000	0.0420	27.4440
1089.0000	0.0430	27.4939
1089.0000	0.0440	27.6801
1089.0000	0.0450	27.8796
1089.0000	0.0460	28.2194
1089.0000	0.0470	27.8046
1089.0000	0.0480	28.1118
1089.0000	0.0490	29.0061
1089.0000	0.0500	28.1789
1089.0000	0.0510	28.8887
1089.0000	0.0520	28.5516
1089.0000	0.0530	29.7970
1089.0000	0.0540	29.4072
1089.0000	0.0550	29.1109
1089.0000	0.0560	29.2036
1089.0000	0.0570	28.1936
1089.0000	0.0580	28.6761
1089.0000	0.0590	28.3302
1089.0000	0.0600	28.2143
1089.0000	0.0610	28.0832
1089.0000	0.0620	27.6106
1089.0000	0.0630	27.6683
1089.0000	0.0640	27.1745
1089.0000	0.0650	26.4626
1089.0000	0.0660	26.9253
1089.0000	0.0670	26.3591
1089.0000	0.0680	26.0870
1089.0000	0.0690	24.6353
1089.0000	0.0700	24.3717
1089.0000	0.0710	23.9064
1089.0000	0.0720	22.7458
1089.0000	0.0730	21.5066
1089.0000	0.0740	20.1715
1089.0000	0.0750	18.7368
1089.0000	0.0760	17.1907
1089.0000	0.0770	15.0770
1089.0000	0.0780	12.9368
1089.0000	0.0790	10.7799
1089.0000	0.0800	9.1269
1089.0000	0.0810	7.2445
1089.0000	0.0820	5.6954
1089.0000	0.0830	4.5187
1089.0000	0.0840	3.6511
1089.0000	0.0850	2.9524
1089.0000	0.0860	2.2584
1089.0000	0.0870	1.8633
1089.0000	0.0880	1.3803
1089.0000	0.0890	1.3651
1089.0000	0.0900	nan
1089.0000	0.0910	nan
1089.0000	0.0920	0.0000
1089.0000	0.0930	0.0000
1089.0000	0.0940	0.0000
1089.0000	0.0950	0.0000
1089.0000	0.0960	0.0000
1089.0000	0.0970	0.0000
1089.0000	0.0980	0.0000
1089.0000	0.0990	0.0000
1089.0000	0.1000	0.0000
1089.0000	0.1010	0.0000
1089.0000	0.1020	0.0000
1089.0000	0.1030	0.0000
1089.0000	0.1040	0.0000
1089.0000	0.1050	0.0000
1089.0000	0.1060	0.0000
1089.0000	0.1070	0.0000
1089.0000	0.1080	0.0000
1089.0000	0.1090	0.0000
1089.0000	0.1100	0.0000
1089.0000	0.1110	0.0000
1089.0000	0.1120	0.0000
1089.0000	0.1130	0.0000
1089.0000	0.1140	0.0000
1089.0000	0.1150	0.0000
1089.0000	0.1160	0.0000
1089.0000	0.1170	0.0000
1089.0000	0.1180	0.0000
1089.0000	0.1190	0.0000
1090.0000	0.0000	0.0000
1090.0000	0.0010	nan
1090.0000	0.0020	nan
1090.0000	0.0030	nan
1090.0000	0.0040	nan
1090.0000	0.0050	nan
1090.0000	0.0060	4.9476
1090.0000	0.0070	6.6993
1090.0000	0.0080	8.4117
1090.0000	0.0090	10.7638
1090.0000	0.0100	13.3314
1090.0000	0.0110	16.5975
1090.0000	0.0120	21.4523
1090.0000	0.0130	27.5337
1090.0000	0.0140	35.8259
1090.0000	0.0150	45.6111
1090.0000	0.0160	55.8162
1090.0000	0.0170	66.3212
1090.0000	0.0180	75.6785
1090.0000	0.0190	84.4309
1090.0000	0.0200	91.5916
1090.0000	0.0210	100.1882
1090.0000	0.0220	105.9698
1090.0000	0.0230	110.0538
1090.0000	0.0240	115.0845
1090.0000	0.0250	118.1755
1090.0000	0.0260	121.5374
1090.0000	0.0270	124.5018
1090.0000	0.0280	128.2454
1090.0000	0.0290	129.6717
1090.0000	0.0300	131.4792
1090.0000	0.0310	134.5097
1090.0000	0.0320	134.1658
1090.0000	0.0330	135.4869
1090.0000	0.0340	136.9067
1090.0000	0.0350	138.6969
1090.0000	0.0360	138.9435
1090.0000	0.0370	138.9990
1090.0000	0.0380	139.4747
1090.0000	0.0390	138.7712
1090.0000	0.0400	138.8109
1090.0000	0.0410	138.0542
1090.0000	0.0420	139.6224
1090.0000	0.0430	138.4660
1090.0000	0.0440	137.7390
1090.0000	0.0450	137.4223
1090.0000	0.0460	135.8018
1090.0000	0.0470	135.5121
1090.0000	0.0480	134.4701
1090.0000	0.0490	132.6408
1090.0000	0.0500	131.0902
1090.0000	0.0510	130.3157
1090.0000	0.0520	129.0460
1090.0000	0.0530	128.2713
1090.0000	0.0540	125.9685
1090.0000	0.0550	124.7772
1090.0000	0.0560	123.0493
1090.0000	0.0570	121.0440
1090.0000	0.0580	118.7888
1090.0000	0.0590	117.3897
1090.0000	0.0600	115.0090
1090.0000	0.0610	112.5431
1090.0000	0.0620	110.0345
1090.0000	0.0630	106.4899
1090.0000	0.0640	104.2896
1090.0000	0.0650	100.4570
1090.0000	0.0660	96.8941
1090.0000	0.0670	92.1619
1090.0000	0.0680	85.8854
1090.0000	0.0690	78.4911
1090.0000	0.0700	69.6988
1090.0000	0.0710	61.7822
1090.0000	0.0720	53.8664
1090.0000	0.0730	46.4718
1090.0000	0.0740	40.9248
1090.0000	0.0750	35.3576
1090.0000	0.0760	30.1015
1090.0000	0.0770	25.1908
1090.0000	0.0780	21.7342
1090.0000	0.0790	17.5521
1090.0000	0.0800	14.3543
1090.0000	0.0810	11.2513
1090.0000	0.0820	8.8446
1090.0000	0.0830	7.5828
1090.0000	0.0840	6.1472
1090.0000	0.0850	4.4449
1090.0000	0.0860	3.2774
1090.0000	0.0870	2.3101
1090.0000	0.0880	nan
1090.0000	0.0890	nan
1090.0000	0.0900	nan
1090.0000	0.0910	nan
1090.0000	0.0920	nan
1090.0000	0.0930	0.0000
1090.0000	0.0940	0.0000
1090.0000	0.0950	0.0000
1090.0000	0.0960	0.0000
1090.0000	0.0970	0.0000
1090.0000	0.0980	0.0000
1090.0000	0.0990	0.0000
1090.0000	0.1000	0.0000
1090.0000	0.1010	0.0000
1090.0000	0.1020	0.0000
1090.0000	0.1030	0.0000
1090.0000	0.1040	0.0000
1090.0000	0.1050	0.0000
1090.0000	0.1060	0.0000
1090.0000	0.1070	0.0000
1090.0000	0.1080	0.0000
1090.0000	0.1090	0.0000
1090.0000	0.1100	0.0000
1090.0000	0.1110	0.0000
1090.0000	0.1120	0.0000
1090.0000	0.1130	0.0000
1090.0000	0.1140	0.0000
1090.0000	0.1150	0.0000
1090.0000	0.1160	0.0000
1090.0000	0.1170	0.0000
1090.0000	0.1180	0.0000
1090.0000	0.1190	0.0000
1091.0000	0.0000	0.0000
1091.0000	0.0010	4.2800
1091.0000	0.0020	5.4630
1091.0000	0.0030	6.5854
1091.0000	0.0040	8.8179
1091.0000	0.0050	12.8555
1091.0000	0.0060	16.2878
1091.0000	0.0070	21.8167
1091.0000	0.0080	28.0173
1091.0000	0.0090	34.6367
1091.0000	0.0100	42.3767
1091.0000	0.0110	51.9273
1091.0000	0.0120	62.9512
1091.0000	0.0130	72.2157
1091.0000	0.0140	81.7188
1091.0000	0.0150	88.7802
1091.0000	0.0160	95.5276
1091.0000	0.0170	100.8627
1091.0000	0.0180	105.0649
1091.0000	0.0190	110.1303
1091.0000	0.0200	112.5238
1091.0000	0.0210	117.0814
1091.0000	0.0220	120.6414
1091.0000	0.0230	122.0131
1091.0000	0.0240	124.3445
1091.0000	0.0250	125.2382
1091.0000	0.0260	127.2614
1091.0000	0.0270	129.3937
1091.0000	0.0280	130.7807
1091.0000	0.0290	132.1885
1091.0000	0.0300	132.4488
1091.0000	0.0310	133.1611
1091.0000	0.0320	132.8066
1091.0000	0.0330	132.4568
1091.0000	0.0340	133.2538
1091.0000	0.0350	133.1890
1091.0000	0.0360	132.3905
1091.0000	0.0370	131.7690
1091.0000	0.0380	130.7996
1091.0000	0.0390	130.0509
1091.0000	0.0400	129.1981
1091.0000	0.0410	128.5835
1091.0000	0.0420	129.0873
1091.0000	0.0430	126.8616
1091.0000	0.0440	126.3524
1091.0000	0.0450	124.5928
1091.0000	0.0460	123.3944
1091.0000	0.0470	121.3196
1091.0000	0.0480	120.4542
1091.0000	0.0490	120.8361
1091.0000	0.0500	118.2350
1091.0000	0.0510	116.6149
1091.0000	0.0520	114.5286
1091.0000	0.0530	112.6112
1091.0000	0.0540	110.2090
1091.0000	0.0550	107.8557
1091.0000	0.0560	105.6074
1091.0000	0.0570	102.9341
1091.0000	0.0580	99.4556
1091.0000	0.0590	95.2369
1091.0000	0.0600	92.2009
1091.0000	0.0610	87.2678
1091.0000	0.0620	82.7242
1091.0000	0.0630	76.2381
1091.0000	0.0640	68.8783
1091.0000	0.0650	60.6575
1091.0000	0.0660	52.3957
1091.0000	0.0670	44.9891
1091.0000	0.0680	38.7388
1091.0000	0.0690	32.6543
1091.0000	0.0700	27.4056
1091.0000	0.0710	22.7472
1091.0000	0.0720	19.0650
1091.0000	0.0730	15.5833
1091.0000	0.0740	12.5115
1091.0000	0.0750	10.5353
1091.0000	0.0760	8.8255
1091.0000	0.0770	7.8925
1091.0000	0.0780	nan
1091.0000	0.0790	nan
1091.0000	0.0800	nan
1091.0000	0.0810	nan
1091.0000	0.0820	nan
1091.0000	0.0830	nan
1091.0000	0.0840	nan
1091.0000	0.0850	nan
1091.0000	0.0860	0.0000
1091.0000	0.0870	0.0000
1091.0000	0.0880	0.0000
1091.0000	0.0890	0.0000
1091.0000	0.0900	0.0000
1091.0000	0.0910	0.0000
1091.0000	0.0920	0.0000
1091.0000	0.0930	0.0000
1091.0000	0.0940	0.0000
1091.0000	0.0950	0.0000
1091.0000	0.0960	0.0000
1091.0000	0.0970	0.0000
1091.0000	0.0980	0.0000
1091.0000	0.0990	0.0000
1091.0000	0.1000	0.0000
1091.0000	0.1010	0.0000
1091.0000	0.1020	0.0000
1091.0000	0.1030	0.0000
1091.0000	0.1040	0.0000
1091.0000	0.1050	0.0000
1091.0000	0.1060	0.0000
1091.0000	0.1070	0.0000
1091.0000	0.1080	0.0000
1091.0000	0.1090	0.0000
1091.0000	0.1100	0.0000
1091.0000	0.1110	0.0000
1091.0000	0.1120	0.0000
1091.0000	0.1130	0.0000
1091.0000	0.1140	0.0000
1091.0000	0.1150	0.0000
1091.0000	0.1160	0.0000
1091.0000	0.1170	0.0000
1091.0000	0.1180	0.0000
1091.0000	0.1190	0.0000
1092.0000	0.0000	0.0000
1092.0000	0.0010	nan
1092.0000	0.0020	2.1278
1092.0000	0.0030	3.2063
1092.0000	0.0040	4.4805
1092.0000	0.0050	6.3185
1092.0000	0.0060	9.6341
1092.0000	0.0070	13.0267
1092.0000	0.0080	17.0836
1092.0000	0.0090	21.7965
1092.0000	0.0100	27.4347
1092.0000	0.0110	34.5161
1092.0000	0.0120	42.3183
1092.0000	0.0130	50.6988
1092.0000	0.0140	57.7621
1092.0000	0.0150	65.0773
1092.0000	0.0160	71.5835
1092.0000	0.0170	78.6677
1092.0000	0.0180	84.2457
1092.0000	0.0190	88.3714
1092.0000	0.0200	93.2609
1092.0000	0.0210	97.3479
1092.0000	0.0220	102.0271
1092.0000	0.0230	105.2141
1092.0000	0.0240	107.3959
1092.0000	0.0250	110.4205
1092.0000	0.0260	111.8887
1092.0000	0.0270	114.1903
1092.0000	0.0280	116.2735
1092.0000	0.0290	116.9207
1092.0000	0.0300	118.8790
1092.0000	0.0310	119.6880
1092.0000	0.0320	120.3622
1092.0000	0.0330	120.3155
1092.0000	0.0340	120.8802
1092.0000	0.0350	120.3389
1092.0000	0.0360	119.8557
1092.0000	0.0370	121.0762
1092.0000	0.0380	119.4289
1092.0000	0.0390	120.8887
1092.0000	0.0400	118.5550
1092.0000	0.0410	117.5715
1092.0000	0.0420	115.9173
1092.0000	0.0430	116.0957
1092.0000	0.0440	113.8950
1092.0000	0.0450	113.5584
1092.0000	0.0460	112.7746
1092.0000	0.0470	110.6901
1092.0000	0.0480	109.4714
1092.0000	0.0490	108.2148
1092.0000	0.0500	106.3911
1092.0000	0.0510	103.8090
1092.0000	0.0520	101.7361
1092.0000	0.0530	99.2095
1092.0000	0.0540	97.3897
1092.0000	0.0550	94.4427
1092.0000	0.0560	90.5367
1092.0000	0.0570	88.1236
1092.0000	0.0580	85.4948
1092.0000	0.0590	81.8664
1092.0000	0.0600	77.3753
1092.0000	0.0610	72.3945
1092.0000	0.0620	66.5226
1092.0000	0.0630	61.1767
1092.0000	0.0640	54.3428
1092.0000	0.0650	47.8517
1092.0000	0.0660	41.9986
1092.0000	0.0670	35.6305
1092.0000	0.0680	30.6715
1092.0000	0.0690	26.1656
1092.0000	0.0700	21.8408
1092.0000	0.0710	18.0812
1092.0000	0.0720	14.3798
1092.0000	0.0730	12.0952
1092.0000	0.0740	10.3297
1092.0000	0.0750	8.1769
1092.0000	0.0760	6.6029
1092.0000	0.0770	4.9349
1092.0000	0.0780	4.1872
1092.0000	0.0790	nan
1092.0000	0.0800	nan
1092.0000	0.0810	nan
1092.0000	0.0820	nan
1092.0000	0.0830	nan
1092.0000	0.0840	nan
1092.0000	0.0850	nan
1092.0000	0.0860	nan
1092.0000	0.0870	nan
1092.0000	0.0880	0.0000
1092.0000	0.0890	0.0000
1092.0000	0.0900	0.0000
1092.0000	0.0910	0.0000
1092.0000	0.0920	0.0000
1092.0000	0.0930	0.0000
1092.0000	0.0940	0.0000
1092.0000	0.0950	0.0000
1092.0000	0.0960	0.0000
1092.0000	0.0970	0.0000
1092.0000	0.0980	0.0000
1092.0000	0.0990	0.0000
1092.0000	0.1000	0.0000
1092.0000	0.1010	0.0000
1092.0000	0.1020	0.0000
1092.0000	0.1030	0.0000
1092.0000	0.1040	0.0000
1092.0000	0.1050	0.0000
1092.0000	0.1060	0.0000
1092.0000	0.1070	0.0000
1092.0000	0.1080	0.0000
1092.0000	0.1090	0.0000
1092.0000	0.1100	0.0000
1092.0000	0.1110	0.0000
1092.0000	0.1120	0.0000
1092.0000	0.1130	0.0000
1092.0000	0.1140	0.0000
1092.0000	0.1150	0.0000
1092.0000	0.1160	0.0000
1092.0000	0.1170	0.0000
1092.0000	0.1180	0.0000
1092.0000	0.1190	0.0000
1093.0000	0.0000	0.0000
1093.0000	0.0010	nan
1093.0000	0.0020	5.7270
1093.0000	0.0030	6.0875
1093.0000	0.0040	7.7846
1093.0000	0.0050	9.8740
1093.0000	0.0060	12.5876
1093.0000	0.0070	16.9083
1093.0000	0.0080	21.8613
1093.0000	0.0090	27.0692
1093.0000	0.0100	32.6960
1093.0000	0.0110	39.6488
1093.0000	0.0120	47.0380
1093.0000	0.0130	54.4393
1093.0000	0.0140	61.8608
1093.0000	0.0150	69.1998
1093.0000	0.0160	75.4944
1093.0000	0.0170	81.9882
1093.0000	0.0180	86.4152
1093.0000	0.0190	91.0369
1093.0000	0.0200	95.7715
1093.0000	0.0210	100.2731
1093.0000	0.0220	103.8738
1093.0000	0.0230	107.6753
1093.0000	0.0240	110.7029
1093.0000	0.0250	112.8139
1093.0000	0.0260	115.4896
1093.0000	0.0270	118.0539
1093.0000	0.0280	119.7638
1093.0000	0.0290	122.4290
1093.0000	0.0300	122.7544
1093.0000	0.0310	124.6674
1093.0000	0.0320	125.2193
1093.0000	0.0330	125.7227
1093.0000	0.0340	126.0856
1093.0000	0.0350	127.0804
1093.0000	0.0360	127.4981
1093.0000	0.0370	126.5965
1093.0000	0.0380	128.1003
1093.0000	0.0390	127.0300
1093.0000	0.0400	125.8611
1093.0000	0.0410	124.8975
1093.0000	0.0420	125.8556
1093.0000	0.0430	123.7979
1093.0000	0.0440	124.0737
1093.0000	0.0450	122.8848
1093.0000	0.0460	121.3174
1093.0000	0.0470	119.5039
1093.0000	0.0480	117.8346
1093.0000	0.0490	116.5299
1093.0000	0.0500	114.4815
1093.0000	0.0510	112.3384
1093.0000	0.0520	111.1451
1093.0000	0.0530	108.6367
1093.0000	0.0540	105.8897
1093.0000	0.0550	103.3097
1093.0000	0.0560	100.8288
1093.0000	0.0570	97.6908
1093.0000	0.0580	94.7740
1093.0000	0.0590	90.4657
1093.0000	0.0600	86.4990
1093.0000	0.0610	81.3371
1093.0000	0.0620	75.3981
1093.0000	0.0630	70.7647
1093.0000	0.0640	63.0707
1093.0000	0.0650	56.5359
1093.0000	0.0660	49.6210
1093.0000	0.0670	42.9544
1093.0000	0.0680	37.3198
1093.0000	0.0690	32.1820
1093.0000	0.0700	27.7849
1093.0000	0.0710	24.2767
1093.0000	0.0720	20.4876
1093.0000	0.0730	17.4185
1093.0000	0.0740	15.3103
1093.0000	0.0750	13.2108
1093.0000	0.0760	11.1038
1093.0000	0.0770	9.2419
1093.0000	0.0780	nan
1093.0000	0.0790	0.0000
1093.0000	0.0800	0.0000
1093.0000	0.0810	0.0000
1093.0000	0.0820	0.0000
1093.0000	0.0830	0.0000
1093.0000	0.0840	0.0000
1093.0000	0.0850	0.0000
1093.0000	0.0860	0.0000
1093.0000	0.0870	0.0000
1093.0000	0.0880	0.0000
1093.0000	0.0890	0.0000
1093.0000	0.0900	0.0000
1093.0000	0.0910	0.0000
1093.0000	0.0920	0.0000
1093.0000	0.0930	0.0000
1093.0000	0.0940	0.0000
1093.0000	0.0950	0.0000
1093.0000	0.0960	0.0000
1093.0000	0.0970	0.0000
1093.0000	0.0980	0.0000
1093.0000	0.0990	0.0000
1093.0000	0.1000	0.0000
1093.0000	0.1010	0.0000
1093.0000	0.1020	0.0000
1093.0000	0.1030	0.0000
1093.0000	0.1040	0.0000
1093.0000	0.1050	0.0000
1093.0000	0.1060	0.0000
1093.0000	0.1070	0.0000
1093.0000	0.1080	0.0000
1093.0000	0.1090	0.0000
1093.0000	0.1100	0.0000
1093.0000	0.1110	0.0000
1093.0000	0.1120	0.0000
1093.0000	0.1130	0.0000
1093.0000	0.1140	0.0000
1093.0000	0.1150	0.0000
1093.0000	0.1160	0.0000
1093.0000	0.1170	0.0000
1093.0000	0.1180	0.0000
1093.0000	0.1190	0.0000
1094.0000	0.0000	0.0000
1094.0000	0.0010	nan
1094.0000	0.0020	nan
1094.0000	0.0030	nan
1094.0000	0.0040	4.0974
1094.0000	0.0050	5.0911
1094.0000	0.0060	5.5918
1094.0000	0.0070	7.9317
1094.0000	0.0080	10.8334
1094.0000	0.0090	15.8525
1094.0000	0.0100	20.2391
1094.0000	0.0110	26.8117
1094.0000	0.0120	33.2944
1094.0000	0.0130	41.7763
1094.0000	0.0140	52.1513
1094.0000	0.0150	61.6113
1094.0000	0.0160	69.0679
1094.0000	0.0170	77.5984
1094.0000	0.0180	87.4527
1094.0000	0.0190	96.2647
1094.0000	0.0200	103.5719
1094.0000	0.0210	113.1512
1094.0000	0.0220	121.4268
1094.0000	0.0230	129.1876
1094.0000	0.0240	134.4575
1094.0000	0.0250	141.5323
1094.0000	0.0260	146.8926
1094.0000	0.0270	152.5333
1094.0000	0.0280	157.2909
1094.0000	0.0290	164.0001
1094.0000	0.0300	165.4074
1094.0000	0.0310	170.8453
1094.0000	0.0320	175.8553
1094.0000	0.0330	177.5777
1094.0000	0.0340	183.2194
1094.0000	0.0350	183.1493
1094.0000	0.0360	185.4124
1094.0000	0.0370	185.1649
1094.0000	0.0380	185.6253
1094.0000	0.0390	187.4678
1094.0000	0.0400	188.1973
1094.0000	0.0410	189.2424
1094.0000	0.0420	188.7514
1094.0000	0.0430	192.1507
1094.0000	0.0440	189.0573
1094.0000	0.0450	187.4147
1094.0000	0.0460	188.3100
1094.0000	0.0470	188.0704
1094.0000	0.0480	185.9995
1094.0000	0.0490	182.2275
1094.0000	0.0500	183.3862
1094.0000	0.0510	180.8561
1094.0000	0.0520	178.7698
1094.0000	0.0530	175.0656
1094.0000	0.0540	170.7423
1094.0000	0.0550	166.3575
1094.0000	0.0560	163.2481
1094.0000	0.0570	159.6109
1094.0000	0.0580	155.2888
1094.0000	0.0590	149.3104
1094.0000	0.0600	143.8743
1094.0000	0.0610	138.7905
1094.0000	0.0620	130.5971
1094.0000	0.0630	123.3570
1094.0000	0.0640	114.8384
1094.0000	0.0650	106.2949
1094.0000	0.0660	95.8594
1094.0000	0.0670	85.6746
1094.0000	0.0680	76.4477
1094.0000	0.0690	68.7136
1094.0000	0.0700	60.9257
1094.0000	0.0710	53.2613
1094.0000	0.0720	47.2180
1094.0000	0.0730	41.8411
1094.0000	0.0740	37.0130
1094.0000	0.0750	31.3389
1094.0000	0.0760	27.7066
1094.0000	0.0770	24.4357
1094.0000	0.0780	22.1507
1094.0000	0.0790	19.6375
1094.0000	0.0800	17.5280
1094.0000	0.0810	16.2486
1094.0000	0.0820	13.9883
1094.0000	0.0830	10.8905
1094.0000	0.0840	9.1217
1094.0000	0.0850	8.0878
1094.0000	0.0860	7.1130
1094.0000	0.0870	6.8616
1094.0000	0.0880	5.4414
1094.0000	0.0890	4.6952
1094.0000	0.0900	4.5695
1094.0000	0.0910	3.3662
1094.0000	0.0920	2.8904
1094.0000	0.0930	1.8768
1094.0000	0.0940	nan
1094.0000	0.0950	0.0000
1094.0000	0.0960	0.0000
1094.0000	0.0970	0.0000
1094.0000	0.0980	0.0000
1094.0000	0.0990	0.0000
1094.0000	0.1000	0.0000
1094.0000	0.1010	0.0000
1094.0000	0.1020	0.0000
1094.0000	0.1030	0.0000
1094.0000	0.1040	0.0000
1094.0000	0.1050	0.0000
1094.0000	0.1060	0.0000
1094.0000	0.1070	0.0000
1094.0000	0.1080	0.0000
1094.0000	0.1090	0.0000
1094.0000	0.1100	0.0000
1094.0000	0.1110	0.0000
1094.0000	0.1120	0.0000
1094.0000	0.1130	0.0000
1094.0000	0.1140	0.0000
1094.0000	0.1150	0.0000
1094.0000	0.1160	0.0000
1094.0000	0.1170	0.0000
1094.0000	0.1180	0.0000
1094.0000	0.1190	0.0000
1095.0000	0.0000	0.0000
1095.0000	0.0010	nan
1095.0000	0.0020	nan
1095.0000	0.0030	nan
1095.0000	0.0040	nan
1095.0000	0.0050	nan
1095.0000	0.0060	nan
1095.0000	0.0070	1.1906
1095.0000	0.0080	1.5124
1095.0000	0.0090	2.1394
1095.0000	0.0100	2.7224
1095.0000	0.0110	3.5928
1095.0000	0.0120	4.5523
1095.0000	0.0130	5.7078
1095.0000	0.0140	6.9846
1095.0000	0.0150	8.5770
1095.0000	0.0160	10.0557
1095.0000	0.0170	11.3186
1095.0000	0.0180	12.4386
1095.0000	0.0190	13.6544
1095.0000	0.0200	14.7868
1095.0000	0.0210	15.7765
1095.0000	0.0220	16.7435
1095.0000	0.0230	17.5595
1095.0000	0.0240	18.2718
1095.0000	0.0250	19.0479
1095.0000	0.0260	19.6522
1095.0000	0.0270	20.4324
1095.0000	0.0280	20.9892
1095.0000	0.0290	21.2372
1095.0000	0.0300	21.8016
1095.0000	0.0310	22.0493
1095.0000	0.0320	22.4745
1095.0000	0.0330	22.7766
1095.0000	0.0340	23.2125
1095.0000	0.0350	23.3773
1095.0000	0.0360	23.6156
1095.0000	0.0370	23.8477
1095.0000	0.0380	23.9321
1095.0000	0.0390	24.1590
1095.0000	0.0400	24.5828
1095.0000	0.0410	24.3731
1095.0000	0.0420	24.3427
1095.0000	0.0430	24.3313
1095.0000	0.0440	24.6092
1095.0000	0.0450	24.4176
1095.0000	0.0460	24.2475
1095.0000	0.0470	24.3900
1095.0000	0.0480	24.1850
1095.0000	0.0490	24.1712
1095.0000	0.0500	23.7904
1095.0000	0.0510	23.7596
1095.0000	0.0520	23.6637
1095.0000	0.0530	23.5451
1095.0000	0.0540	23.0790
1095.0000	0.0550	22.6394
1095.0000	0.0560	22.5347
1095.0000	0.0570	22.2109
1095.0000	0.0580	21.5753
1095.0000	0.0590	21.2412
1095.0000	0.0600	20.8422
1095.0000	0.0610	20.2848
1095.0000	0.0620	19.2714
1095.0000	0.0630	18.4912
1095.0000	0.0640	17.6304
1095.0000	0.0650	16.5864
1095.0000	0.0660	15.2405
1095.0000	0.0670	14.0412
1095.0000	0.0680	12.6622
1095.0000	0.0690	11.3009
1095.0000	0.0700	12.0043
1095.0000	0.0710	8.8511
1095.0000	0.0720	7.8227
1095.0000	0.0730	7.0497
1095.0000	0.0740	6.2539
1095.0000	0.0750	5.4021
1095.0000	0.0760	4.8722
1095.0000	0.0770	4.3252
1095.0000	0.0780	nan
1095.0000	0.0790	nan
1095.0000	0.0800	nan
1095.0000	0.0810	nan
1095.0000	0.0820	nan
1095.0000	0.0830	nan
1095.0000	0.0840	nan
1095.0000	0.0850	nan
1095.0000	0.0860	nan
1095.0000	0.0870	nan
1095.0000	0.0880	nan
1095.0000	0.0890	nan
1095.0000	0.0900	nan
1095.0000	0.0910	nan
1095.0000	0.0920	nan
1095.0000	0.0930	nan
1095.0000	0.0940	nan
1095.0000	0.0950	0.0000
1095.0000	0.0960	0.0000
1095.0000	0.0970	0.0000
1095.0000	0.0980	0.0000
1095.0000	0.0990	0.0000
1095.0000	0.1000	0.0000
1095.0000	0.1010	0.0000
1095.0000	0.1020	0.0000
1095.0000	0.1030	0.0000
1095.0000	0.1040	0.0000
1095.0000	0.1050	0.0000
1095.0000	0.1060	0.0000
1095.0000	0.1070	0.0000
1095.0000	0.1080	0.0000
1095.0000	0.1090	0.0000
1095.0000	0.1100	0.0000
1095.0000	0.1110	0.0000
1095.0000	0.1120	0.0000
1095.0000	0.1130	0.0000
1095.0000	0.1140	0.0000
1095.0000	0.1150	0.0000
1095.0000	0.1160	0.0000
1095.0000	0.1170	0.0000
1095.0000	0.1180	0.0000
1095.0000	0.1190	0.0000
1096.0000	0.0000	0.0000
1096.0000	0.0010	nan
1096.0000	0.0020	nan
1096.0000	0.0030	0.4843
1096.0000	0.0040	0.6272
1096.0000	0.0050	nan
1096.0000	0.0060	1.1648
1096.0000	0.0070	1.3128
1096.0000	0.0080	1.7396
1096.0000	0.0090	2.3000
1096.0000	0.0100	2.9596
1096.0000	0.0110	3.6372
1096.0000	0.0120	4.6544
1096.0000	0.0130	5.9345
1096.0000	0.0140	7.2574
1096.0000	0.0150	8.4754
1096.0000	0.0160	9.6370
1096.0000	0.0170	10.5158
1096.0000	0.0180	11.3797
1096.0000	0.0190	11.9750
1096.0000	0.0200	12.6119
1096.0000	0.0210	13.2584
1096.0000	0.0220	13.7702
1096.0000	0.0230	14.1933
1096.0000	0.0240	14.4909
1096.0000	0.0250	14.8912
1096.0000	0.0260	15.1765
1096.0000	0.0270	15.5429
1096.0000	0.0280	15.8855
1096.0000	0.0290	15.9449
1096.0000	0.0300	16.2467
1096.0000	0.0310	16.5194
1096.0000	0.0320	16.7984
1096.0000	0.0330	16.9220
1096.0000	0.0340	17.1709
1096.0000	0.0350	17.3508
1096.0000	0.0360	17.4789
1096.0000	0.0370	17.4500
1096.0000	0.0380	17.6298
1096.0000	0.0390	17.7239
1096.0000	0.0400	17.7890
1096.0000	0.0410	17.8273
1096.0000	0.0420	17.8369
1096.0000	0.0430	17.9090
1096.0000	0.0440	17.8954
1096.0000	0.0450	17.9583
1096.0000	0.0460	17.9397
1096.0000	0.0470	17.8658
1096.0000	0.0480	17.9366
1096.0000	0.0490	17.9436
1096.0000	0.0500	17.8011
1096.0000	0.0510	17.7456
1096.0000	0.0520	17.6694
1096.0000	0.0530	17.5476
1096.0000	0.0540	17.3541
1096.0000	0.0550	17.2639
1096.0000	0.0560	17.0148
1096.0000	0.0570	16.9415
1096.0000	0.0580	16.5983
1096.0000	0.0590	16.3068
1096.0000	0.0600	15.9823
1096.0000	0.0610	15.7339
1096.0000	0.0620	15.3047
1096.0000	0.0630	14.8336
1096.0000	0.0640	14.3345
1096.0000	0.0650	13.6641
1096.0000	0.0660	12.5910
1096.0000	0.0670	11.5547
1096.0000	0.0680	10.3992
1096.0000	0.0690	9.3142
1096.0000	0.0700	8.1955
1096.0000	0.0710	7.3076
1096.0000	0.0720	6.4860
1096.0000	0.0730	5.8326
1096.0000	0.0740	5.2097
1096.0000	0.0750	4.5018
1096.0000	0.0760	3.9347
1096.0000	0.0770	3.5563
1096.0000	0.0780	nan
1096.0000	0.0790	nan
1096.0000	0.0800	nan
1096.0000	0.0810	nan
1096.0000	0.0820	nan
1096.0000	0.0830	nan
1096.0000	0.0840	nan
1096.0000	0.0850	nan
1096.0000	0.0860	nan
1096.0000	0.0870	nan
1096.0000	0.0880	nan
1096.0000	0.0890	nan
1096.0000	0.0900	nan
1096.0000	0.0910	nan
1096.0000	0.0920	nan
1096.0000	0.0930	nan
1096.0000	0.0940	nan
1096.0000	0.0950	0.0000
1096.0000	0.0960	0.0000
1096.0000	0.0970	0.0000
1096.0000	0.0980	0.0000
1096.0000	0.0990	0.0000
1096.0000	0.1000	0.0000
1096.0000	0.1010	0.0000
1096.0000	0.1020	0.0000
1096.0000	0.1030	0.0000
1096.0000	0.1040	0.0000
1096.0000	0.1050	0.0000
1096.0000	0.1060	0.0000
1096.0000	0.1070	0.0000
1096.0000	0.1080	0.0000
1096.0000	0.1090	0.0000
1096.0000	0.1100	0.0000
1096.0000	0.1110	0.0000
1096.0000	0.1120	0.0000
1096.0000	0.1130	0.0000
1096.0000	0.1140	0.0000
1096.0000	0.1150	0.0000
1096.0000	0.1160	0.0000
1096.0000	0.1170	0.0000
1096.0000	0.1180	0.0000
1096.0000	0.1190	0.0000
1097.0000	0.0000	0.0000
1097.0000	0.0010	0.7252
1097.0000	0.0020	nan
1097.0000	0.0030	0.7958
1097.0000	0.0040	0.9949
1097.0000	0.0050	1.1847
1097.0000	0.0060	1.2254
1097.0000	0.0070	1.9982
1097.0000	0.0080	2.2014
1097.0000	0.0090	2.6679
1097.0000	0.0100	3.3372
1097.0000	0.0110	4.1254
1097.0000	0.0120	5.2544
1097.0000	0.0130	6.3931
1097.0000	0.0140	7.6858
1097.0000	0.0150	9.1504
1097.0000	0.0160	10.9557
1097.0000	0.0170	12.9940
1097.0000	0.0180	14.7140
1097.0000	0.0190	16.5249
1097.0000	0.0200	18.1804
1097.0000	0.0210	19.7808
1097.0000	0.0220	21.2480
1097.0000	0.0230	22.7009
1097.0000	0.0240	23.9486
1097.0000	0.0250	24.7862
1097.0000	0.0260	25.9057
1097.0000	0.0270	27.0271
1097.0000	0.0280	28.0339
1097.0000	0.0290	28.7760
1097.0000	0.0300	29.5709
1097.0000	0.0310	30.2783
1097.0000	0.0320	30.8274
1097.0000	0.0330	31.4575
1097.0000	0.0340	31.7589
1097.0000	0.0350	32.2654
1097.0000	0.0360	32.7134
1097.0000	0.0370	32.9432
1097.0000	0.0380	33.3757
1097.0000	0.0390	34.0989
1097.0000	0.0400	34.2018
1097.0000	0.0410	34.1670
1097.0000	0.0420	34.0361
1097.0000	0.0430	34.2836
1097.0000	0.0440	34.4835
1097.0000	0.0450	34.5183
1097.0000	0.0460	34.4936
1097.0000	0.0470	34.5812
1097.0000	0.0480	34.6387
1097.0000	0.0490	34.4383
1097.0000	0.0500	34.2703
1097.0000	0.0510	34.0890
1097.0000	0.0520	34.1532
1097.0000	0.0530	33.9254
1097.0000	0.0540	33.2224
1097.0000	0.0550	32.8156
1097.0000	0.0560	32.3719
1097.0000	0.0570	31.8188
1097.0000	0.0580	31.1991
1097.0000	0.0590	30.4025
1097.0000	0.0600	29.8730
1097.0000	0.0610	29.0719
1097.0000	0.0620	27.8417
1097.0000	0.0630	27.0009
1097.0000	0.0640	26.0841
1097.0000	0.0650	24.7976
1097.0000	0.0660	23.1417
1097.0000	0.0670	21.4509
1097.0000	0.0680	19.6818
1097.0000	0.0690	17.6030
1097.0000	0.0700	15.8427
1097.0000	0.0710	13.7679
1097.0000	0.0720	12.5775
1097.0000	0.0730	10.9729
1097.0000	0.0740	9.5878
1097.0000	0.0750	8.1951
1097.0000	0.0760	7.3835
1097.0000	0.0770	6.4916
1097.0000	0.0780	nan
1097.0000	0.0790	nan
1097.0000	0.0800	nan
1097.0000	0.0810	nan
1097.0000	0.0820	nan
1097.0000	0.0830	nan
1097.0000	0.0840	nan
1097.0000	0.0850	nan
1097.0000	0.0860	nan
1097.0000	0.0870	nan
1097.0000	0.0880	0.0000
1097.0000	0.0890	0.0000
1097.0000	0.0900	0.0000
1097.0000	0.0910	0.0000
1097.0000	0.0920	0.0000
1097.0000	0.0930	0.0000
1097.0000	0.0940	0.0000
1097.0000	0.0950	0.0000
1097.0000	0.0960	0.0000
1097.0000	0.0970	0.0000
1097.0000	0.0980	0.0000
1097.0000	0.0990	0.0000
1097.0000	0.1000	0.0000
1097.0000	0.1010	0.0000
1097.0000	0.1020	0.0000
1097.0000	0.1030	0.0000
1097.0000	0.1040	0.0000
1097.0000	0.1050	0.0000
1097.0000	0.1060	0.0000
1097.0000	0.1070	0.0000
1097.0000	0.1080	0.0000
1097.0000	0.1090	0.0000
1097.0000	0.1100	0.0000
1097.0000	0.1110	0.0000
1097.0000	0.1120	0.0000
1097.0000	0.1130	0.0000
1097.0000	0.1140	0.0000
1097.0000	0.1150	0.0000
1097.0000	0.1160	0.0000
1097.0000	0.1170	0.0000
1097.0000	0.1180	0.0000
1097.0000	0.1190	0.0000
1098.0000	0.0000	0.0000
1098.0000	0.0010	0.4198
1098.0000	0.0020	0.4982
1098.0000	0.0030	0.7088
1098.0000	0.0040	0.8330
1098.0000	0.0050	1.3337
1098.0000	0.0060	1.5183
1098.0000	0.0070	1.6259
1098.0000	0.0080	2.4793
1098.0000	0.0090	3.2463
1098.0000	0.0100	4.3724
1098.0000	0.0110	5.7604
1098.0000	0.0120	7.1584
1098.0000	0.0130	9.2314
1098.0000	0.0140	11.1637
1098.0000	0.0150	13.1830
1098.0000	0.0160	15.1923
1098.0000	0.0170	17.4835
1098.0000	0.0180	19.2244
1098.0000	0.0190	20.5973
1098.0000	0.0200	21.8335
1098.0000	0.0210	23.4327
1098.0000	0.0220	24.4369
1098.0000	0.0230	25.4684
1098.0000	0.0240	26.2708
1098.0000	0.0250	27.5851
1098.0000	0.0260	28.3909
1098.0000	0.0270	29.0130
1098.0000	0.0280	29.5461
1098.0000	0.0290	30.2041
1098.0000	0.0300	30.6499
1098.0000	0.0310	31.2539
1098.0000	0.0320	31.5769
1098.0000	0.0330	32.0449
1098.0000	0.0340	32.1706
1098.0000	0.0350	32.6790
1098.0000	0.0360	32.6794
1098.0000	0.0370	32.9922
1098.0000	0.0380	33.2297
1098.0000	0.0390	33.3205
1098.0000	0.0400	33.3092
1098.0000	0.0410	33.2939
1098.0000	0.0420	33.2463
1098.0000	0.0430	33.3202
1098.0000	0.0440	33.2349
1098.0000	0.0450	33.2545
1098.0000	0.0460	32.8608
1098.0000	0.0470	32.7504
1098.0000	0.0480	32.6798
1098.0000	0.0490	32.5261
1098.0000	0.0500	32.2419
1098.0000	0.0510	31.9135
1098.0000	0.0520	31.5636
1098.0000	0.0530	31.3629
1098.0000	0.0540	31.2600
1098.0000	0.0550	30.5948
1098.0000	0.0560	30.2834
1098.0000	0.0570	29.9425
1098.0000	0.0580	29.4933
1098.0000	0.0590	28.8154
1098.0000	0.0600	28.0883
1098.0000	0.0610	27.5141
1098.0000	0.0620	26.5883
1098.0000	0.0630	25.4563
1098.0000	0.0640	24.4602
1098.0000	0.0650	22.9508
1098.0000	0.0660	20.9430
1098.0000	0.0670	18.9554
1098.0000	0.0680	16.6111
1098.0000	0.0690	14.4569
1098.0000	0.0700	12.7450
1098.0000	0.0710	11.0491
1098.0000	0.0720	9.6778
1098.0000	0.0730	8.3955
1098.0000	0.0740	7.3497
1098.0000	0.0750	6.1698
1098.0000	0.0760	5.4072
1098.0000	0.0770	4.6525
1098.0000	0.0780	nan
1098.0000	0.0790	nan
1098.0000	0.0800	nan
1098.0000	0.0810	nan
1098.0000	0.0820	nan
1098.0000	0.0830	nan
1098.0000	0.0840	nan
1098.0000	0.0850	nan
1098.0000	0.0860	0.0000
1098.0000	0.0870	0.0000
1098.0000	0.0880	0.0000
1098.0000	0.0890	0.0000
1098.0000	0.0900	0.0000
1098.0000	0.0910	0.0000
1098.0000	0.0920	0.0000
1098.0000	0.0930	0.0000
1098.0000	0.0940	0.0000
1098.0000	0.0950	0.0000
1098.0000	0.0960	0.0000
1098.0000	0.0970	0.0000
1098.0000	0.0980	0.0000
1098.0000	0.0990	0.0000
1098.0000	0.1000	0.0000
1098.0000	0.1010	0.0000
1098.0000	0.1020	0.0000
1098.0000	0.1030	0.0000
1098.0000	0.1040	0.0000
1098.0000	0.1050	0.0000
1098.0000	0.1060	0.0000
1098.0000	0.1070	0.0000
1098.0000	0.1080	0.0000
1098.0000	0.1090	0.0000
1098.0000	0.1100	0.0000
1098.0000	0.1110	0.0000
1098.0000	0.1120	0.0000
1098.0000	0.1130	0.0000
1098.0000	0.1140	0.0000
1098.0000	0.1150	0.0000
1098.0000	0.1160	0.0000
1098.0000	0.1170	0.0000
1098.0000	0.1180	0.0000
1098.0000	0.1190	0.0000
1099.0000	0.0000	0.0000
1099.0000	0.0010	0.5136
1099.0000	0.0020	nan
1099.0000	0.0030	0.7178
1099.0000	0.0040	1.0859
1099.0000	0.0050	1.3175
1099.0000	0.0060	1.2513
1099.0000	0.0070	1.4393
1099.0000	0.0080	2.2016
1099.0000	0.0090	3.3096
1099.0000	0.0100	4.1764
1099.0000	0.0110	5.1954
1099.0000	0.0120	6.5472
1099.0000	0.0130	8.4221
1099.0000	0.0140	10.2913
1099.0000	0.0150	12.1414
1099.0000	0.0160	14.2291
1099.0000	0.0170	16.1645
1099.0000	0.0180	17.8986
1099.0000	0.0190	19.1881
1099.0000	0.0200	20.7204
1099.0000	0.0210	22.0987
1099.0000	0.0220	23.3710
1099.0000	0.0230	24.4949
1099.0000	0.0240	25.5344
1099.0000	0.0250	26.7115
1099.0000	0.0260	27.5888
1099.0000	0.0270	28.3814
1099.0000	0.0280	29.0075
1099.0000	0.0290	29.6941
1099.0000	0.0300	30.2278
1099.0000	0.0310	30.7308
1099.0000	0.0320	31.0940
1099.0000	0.0330	31.7703
1099.0000	0.0340	32.3071
1099.0000	0.0350	32.5475
1099.0000	0.0360	32.8051
1099.0000	0.0370	33.1797
1099.0000	0.0380	33.5852
1099.0000	0.0390	33.7761
1099.0000	0.0400	33.6552
1099.0000	0.0410	34.2707
1099.0000	0.0420	34.2731
1099.0000	0.0430	34.4739
1099.0000	0.0440	34.4949
1099.0000	0.0450	34.4792
1099.0000	0.0460	34.2835
1099.0000	0.0470	34.3516
1099.0000	0.0480	34.2034
1099.0000	0.0490	33.9102
1099.0000	0.0500	33.9794
1099.0000	0.0510	33.7919
1099.0000	0.0520	33.5215
1099.0000	0.0530	33.1146
1099.0000	0.0540	32.3529
1099.0000	0.0550	32.0178
1099.0000	0.0560	31.8199
1099.0000	0.0570	31.1478
1099.0000	0.0580	30.3838
1099.0000	0.0590	29.8931
1099.0000	0.0600	28.9341
1099.0000	0.0610	27.8620
1099.0000	0.0620	26.7028
1099.0000	0.0630	25.4810
1099.0000	0.0640	24.1290
1099.0000	0.0650	22.2971
1099.0000	0.0660	20.4801
1099.0000	0.0670	18.5561
1099.0000	0.0680	16.7372
1099.0000	0.0690	14.8948
1099.0000	0.0700	13.2544
1099.0000	0.0710	11.7049
1099.0000	0.0720	10.4254
1099.0000	0.0730	9.2594
1099.0000	0.0740	8.3636
1099.0000	0.0750	7.1532
1099.0000	0.0760	6.2560
1099.0000	0.0770	5.6388
1099.0000	0.0780	nan
1099.0000	0.0790	nan
1099.0000	0.0800	0.0000
1099.0000	0.0810	0.0000
1099.0000	0.0820	0.0000
1099.0000	0.0830	0.0000
1099.0000	0.0840	0.0000
1099.0000	0.0850	0.0000
1099.0000	0.0860	0.0000
1099.0000	0.0870	0.0000
1099.0000	0.0880	0.0000
1099.0000	0.0890	0.0000
1099.0000	0.0900	0.0000
1099.0000	0.0910	0.0000
1099.0000	0.0920	0.0000
1099.0000	0.0930	0.0000
1099.0000	0.0940	0.0000
1099.0000	0.0950	0.0000
1099.0000	0.0960	0.0000
1099.0000	0.0970	0.0000
1099.0000	0.0980	0.0000
1099.0000	0.0990	0.0000
1099.0000	0.1000	0.0000
1099.0000	0.1010	0.0000
1099.0000	0.1020	0.0000
1099.0000	0.1030	0.0000
1099.0000	0.1040	0.0000
1099.0000	0.1050	0.0000
1099.0000	0.1060	0.0000
1099.0000	0.1070	0.0000
1099.0000	0.1080	0.0000
1099.0000	0.1090	0.0000
1099.0000	0.1100	0.0000
1099.0000	0.1110	0.0000
1099.0000	0.1120	0.0000
1099.0000	0.1130	0.0000
1099.0000	0.1140	0.0000
1099.0000	0.1150	0.0000
1099.0000	0.1160	0.0000
1099.0000	0.1170	0.0000
1099.0000	0.1180	0.0000
1099.0000	0.1190	0.0000
1100.0000	0.0000	0.0000
1100.0000	0.0010	nan
1100.0000	0.0020	0.6917
1100.0000	0.0030	1.1170
1100.0000	0.0040	1.6331
1100.0000	0.0050	2.4785
1100.0000	0.0060	3.1277
1100.0000	0.0070	3.8460
1100.0000	0.0080	4.9369
1100.0000	0.0090	6.6120
1100.0000	0.0100	8.2066
1100.0000	0.0110	10.1523
1100.0000	0.0120	12.4299
1100.0000	0.0130	15.1978
1100.0000	0.0140	17.7264
1100.0000	0.0150	19.9887
1100.0000	0.0160	21.8412
1100.0000	0.0170	23.7624
1100.0000	0.0180	25.0476
1100.0000	0.0190	26.3626
1100.0000	0.0200	27.4204
1100.0000	0.0210	28.5855
1100.0000	0.0220	29.7393
1100.0000	0.0230	30.4001
1100.0000	0.0240	31.0864
1100.0000	0.0250	31.7598
1100.0000	0.0260	32.1130
1100.0000	0.0270	32.3605
1100.0000	0.0280	33.0083
1100.0000	0.0290	33.1136
1100.0000	0.0300	33.3044
1100.0000	0.0310	33.3811
1100.0000	0.0320	33.6261
1100.0000	0.0330	33.7989
1100.0000	0.0340	33.9066
1100.0000	0.0350	33.8222
1100.0000	0.0360	33.8880
1100.0000	0.0370	33.7809
1100.0000	0.0380	33.9286
1100.0000	0.0390	33.6004
1100.0000	0.0400	33.4533
1100.0000	0.0410	33.3795
1100.0000	0.0420	33.2729
1100.0000	0.0430	33.0178
1100.0000	0.0440	32.7960
1100.0000	0.0450	32.8319
1100.0000	0.0460	32.4895
1100.0000	0.0470	32.0491
1100.0000	0.0480	32.1049
1100.0000	0.0490	31.7202
1100.0000	0.0500	31.1720
1100.0000	0.0510	30.7376
1100.0000	0.0520	30.3997
1100.0000	0.0530	30.1689
1100.0000	0.0540	29.2944
1100.0000	0.0550	28.6527
1100.0000	0.0560	28.3030
1100.0000	0.0570	27.7516
1100.0000	0.0580	26.8600
1100.0000	0.0590	26.2926
1100.0000	0.0600	25.5420
1100.0000	0.0610	24.5012
1100.0000	0.0620	23.3412
1100.0000	0.0630	22.1002
1100.0000	0.0640	20.6078
1100.0000	0.0650	18.6256
1100.0000	0.0660	16.2922
1100.0000	0.0670	13.7142
1100.0000	0.0680	11.4878
1100.0000	0.0690	9.6302
1100.0000	0.0700	8.0666
1100.0000	0.0710	6.4521
1100.0000	0.0720	5.3449
1100.0000	0.0730	4.4210
1100.0000	0.0740	3.8203
1100.0000	0.0750	2.8973
1100.0000	0.0760	2.3799
1100.0000	0.0770	2.0462
1100.0000	0.0780	nan
1100.0000	0.0790	nan
1100.0000	0.0800	nan
1100.0000	0.0810	nan
1100.0000	0.0820	nan
1100.0000	0.0830	nan
1100.0000	0.0840	nan
1100.0000	0.0850	nan
1100.0000	0.0860	nan
1100.0000	0.0870	nan
1100.0000	0.0880	nan
1100.0000	0.0890	nan
1100.0000	0.0900	nan
1100.0000	0.0910	nan
1100.0000	0.0920	nan
1100.0000	0.0930	nan
1100.0000	0.0940	nan
1100.0000	0.0950	0.0000
1100.0000	0.0960	0.0000
1100.0000	0.0970	0.0000
1100.0000	0.0980	0.0000
1100.0000	0.0990	0.0000
1100.0000	0.1000	0.0000
1100.0000	0.1010	0.0000
1100.0000	0.1020	0.0000
1100.0000	0.1030	0.0000
1100.0000	0.1040	0.0000
1100.0000	0.1050	0.0000
1100.0000	0.1060	0.0000
1100.0000	0.1070	0.0000
1100.0000	0.1080	0.0000
1100.0000	0.1090	0.0000
1100.0000	0.1100	0.0000
1100.0000	0.1110	0.0000
1100.0000	0.1120	0.0000
1100.0000	0.1130	0.0000
1100.0000	0.1140	0.0000
1100.0000	0.1150	0.0000
1100.0000	0.1160	0.0000
1100.0000	0.1170	0.0000
1100.0000	0.1180	0.0000
1100.0000	0.1190	0.0000
1101.0000	0.0000	0.0000
1101.0000	0.0010	nan
1101.0000	0.0020	nan
1101.0000	0.0030	4.8934
1101.0000	0.0040	7.1089
1101.0000	0.0050	9.5144
1101.0000	0.0060	12.5860
1101.0000	0.0070	18.2759
1101.0000	0.0080	25.0530
1101.0000	0.0090	33.7592
1101.0000	0.0100	44.6229
1101.0000	0.0110	57.7447
1101.0000	0.0120	72.7822
1101.0000	0.0130	87.9655
1101.0000	0.0140	103.0355
1101.0000	0.0150	115.5839
1101.0000	0.0160	128.0557
1101.0000	0.0170	139.4030
1101.0000	0.0180	147.7193
1101.0000	0.0190	156.7605
1101.0000	0.0200	161.9957
1101.0000	0.0210	170.7968
1101.0000	0.0220	175.0912
1101.0000	0.0230	178.6419
1101.0000	0.0240	180.8533
1101.0000	0.0250	183.3835
1101.0000	0.0260	185.3725
1101.0000	0.0270	185.4687
1101.0000	0.0280	186.1171
1101.0000	0.0290	186.3610
1101.0000	0.0300	185.4842
1101.0000	0.0310	184.4822
1101.0000	0.0320	182.8364
1101.0000	0.0330	179.5417
1101.0000	0.0340	176.8360
1101.0000	0.0350	173.4586
1101.0000	0.0360	169.1797
1101.0000	0.0370	164.9247
1101.0000	0.0380	158.0694
1101.0000	0.0390	152.1464
1101.0000	0.0400	144.8096
1101.0000	0.0410	136.5901
1101.0000	0.0420	128.4259
1101.0000	0.0430	122.3588
1101.0000	0.0440	112.6017
1101.0000	0.0450	103.3624
1101.0000	0.0460	95.6934
1101.0000	0.0470	87.5804
1101.0000	0.0480	79.7987
1101.0000	0.0490	72.8926
1101.0000	0.0500	66.3954
1101.0000	0.0510	60.5741
1101.0000	0.0520	54.6144
1101.0000	0.0530	49.4251
1101.0000	0.0540	45.3633
1101.0000	0.0550	40.2621
1101.0000	0.0560	37.2480
1101.0000	0.0570	33.1683
1101.0000	0.0580	29.5109
1101.0000	0.0590	27.1732
1101.0000	0.0600	24.4620
1101.0000	0.0610	21.5049
1101.0000	0.0620	18.9963
1101.0000	0.0630	17.3797
1101.0000	0.0640	15.6991
1101.0000	0.0650	13.6756
1101.0000	0.0660	12.5706
1101.0000	0.0670	11.0786
1101.0000	0.0680	9.9428
1101.0000	0.0690	8.4533
1101.0000	0.0700	7.2231
1101.0000	0.0710	6.1379
1101.0000	0.0720	5.8987
1101.0000	0.0730	nan
1101.0000	0.0740	nan
1101.0000	0.0750	nan
1101.0000	0.0760	nan
1101.0000	0.0770	nan
1101.0000	0.0780	nan
1101.0000	0.0790	nan
1101.0000	0.0800	nan
1101.0000	0.0810	nan
1101.0000	0.0820	nan
1101.0000	0.0830	nan
1101.0000	0.0840	nan
1101.0000	0.0850	nan
1101.0000	0.0860	nan
1101.0000	0.0870	nan
1101.0000	0.0880	0.0000
1101.0000	0.0890	0.0000
1101.0000	0.0900	0.0000
1101.0000	0.0910	0.0000
1101.0000	0.0920	0.0000
1101.0000	0.0930	0.0000
1101.0000	0.0940	0.0000
1101.0000	0.0950	0.0000
1101.0000	0.0960	0.0000
1101.0000	0.0970	0.0000
1101.0000	0.0980	0.0000
1101.0000	0.0990	0.0000
1101.0000	0.1000	0.0000
1101.0000	0.1010	0.0000
1101.0000	0.1020	0.0000
1101.0000	0.1030	0.0000
1101.0000	0.1040	0.0000
1101.0000	0.1050	0.0000
1101.0000	0.1060	0.0000
1101.0000	0.1070	0.0000
1101.0000	0.1080	0.0000
1101.0000	0.1090	0.0000
1101.0000	0.1100	0.0000
1101.0000	0.1110	0.0000
1101.0000	0.1120	0.0000
1101.0000	0.1130	0.0000
1101.0000	0.1140	0.0000
1101.0000	0.1150	0.0000
1101.0000	0.1160	0.0000
1101.0000	0.1170	0.0000
1101.0000	0.1180	0.0000
1101.0000	0.1190	0.0000
