% Model:              reactor_model_6-2_with_err.mph
% Version:            COMSOL 5.4.0.346
% Date:               May 28 2019, 10:56
% Dimension:          1
% Nodes:              941
% Expressions:        1
% Description:        Line graph
% r                       Height
0                         0.2269596684793025
2.6006100243586176E-5     0.22695771848443977
5.201220048717235E-5      0.2269557685217358
7.791309079489169E-5      0.22695002384675422
1.0381398110261104E-4     0.2269442794488637
1.2961008711039165E-4     0.22693171603109355
1.5540619311817227E-4     0.2269191539282823
1.8109793873999044E-4     0.22690699065127365
2.0678968436180857E-4     0.22689482860369967
2.3237749179667074E-4     0.2268839873949449
2.579652992315329E-4      0.22687314715115847
2.8344958897039303E-4     0.22686475813023876
3.0893387870925315E-4     0.22685636966832182
3.343150695419363E-4      0.22685043849134817
3.5969626037461944E-4     0.22684450757217403
3.849747693966994E-4      0.22683941461752893
4.1025327841877937E-4     0.22683432183384122
4.3542952103843357E-4     0.22682751092418993
4.606057636580878E-4      0.226820700324266
4.8568015360292394E-4     0.22680980775299242
5.107545435477601E-4      0.22679891603246854
5.35746458612045E-4       0.22678287067896258
5.607383736763299E-4      0.2267668272628209
5.857869505119737E-4      0.22674631191173772
6.108355273476176E-4      0.2267257998103295
6.35968917462028E-4       0.22670341070905614
6.611023075764383E-4      0.22668102551815325
6.863207981433056E-4      0.22666032643526948
7.115392887101728E-4      0.2266396306807337
7.368431678755412E-4      0.22662348205814853
7.621470470409096E-4      0.22660733540755354
7.875366039264796E-4      0.22659630858794635
8.129261608120496E-4      0.22658528262308064
8.384016855184671E-4      0.22657705813267523
8.638772102248846E-4      0.22656883406579767
8.894389938350637E-4      0.22655907923137628
9.15000777445243E-4       0.2265493249981731
9.40649112027688E-4       0.22653363675041036
9.662974466101331E-4      0.22651795021644425
9.920326252222888E-4      0.2264939086978526
0.0010177678038344443     0.2264698714612079
0.0010435901205260228     0.22643829850503563
0.0010694124372176016     0.22640673315966653
0.0010953086842506931     0.22637164329458453
0.0011212049312837845     0.22633656293722743
0.0011470111858677488     0.22630376468169042
0.0011728174404517131     0.22627097469868382
0.0011984859164032907     0.22624453856193383
0.0012241543923548683     0.2262181076744766
0.0012496858252690468     0.22619859165588824
0.0012752172581832254     0.2261790783515045
0.0013006123797276834     0.22616316669077594
0.0013260075012721411     0.22614725672596223
0.0013512670392082002     0.22612962201063255
0.0013765265771442596     0.22611198938854354
0.0014016512553477604     0.22608754968816525
0.0014267759335512612     0.22606311424056338
0.0014517664720332928     0.22602948454240318
0.0014767570105153247     0.2259958632598404
0.001501614125442868      0.22595430243409448
0.0015264712403704112     0.22591275477593536
0.0015511956440868542     0.22586770392626002
0.0015759200478032969     0.2258226686969902
0.0016005124488488545     0.2257797284880612
0.0016251048498944118     0.2257368024312377
0.0016495659530264303     0.2257002742928368
0.0016740270561584486     0.22566375622299317
0.0016983808437346917     0.22563448106158437
0.001722734631310935      0.22560521215377263
0.0017471107702282508     0.22558028681960146
0.0017714869091455666     0.22555536584819516
0.0017959053746664806     0.2255297223894074
0.0018203238401873945     0.2255040835156581
0.0018447847058076102     0.22547249618175583
0.0018692455714278257     0.22544091601374425
0.001893748910770661      0.22540007429338954
0.0019182522501134964     0.22535924496783755
0.001942798136930102      0.22530938403173856
0.0019673440237467075     0.22525954199228046
0.0019919325319163023     0.22520441800666657
0.002016521040085897      0.2251493173692176
0.0020411522436159825     0.22509487276219092
0.0020657834471460674     0.2250404509300678
0.0020904574201726506     0.2249916937172517
0.002115131393199234      0.22494295456362293
0.0021398482099870475     0.22490175483906283
0.0021645650267748603     0.22486056771109386
0.0021893247617175947     0.2248248192323785
0.0022140844966603295     0.22478907997479533
0.002238887224280853      0.22475370580745171
0.002263689951901377      0.22471834057505627
0.002288535746851955      0.2246776475517613
0.0023133815418025323     0.224636966552939
0.002338227759022124      0.22458715016425326
0.002363073976241715      0.224537352270925
0.0023878435941420443     0.2244783692253061
0.002412613212042374      0.22441941263025442
0.002437304893196798      0.22435488469427764
0.002461996574351222      0.22429038874953072
0.002486610563985012      0.2242261668937732
0.002511224553618802      0.2241619767589483
0.002535761096185647      0.22410348213824113
0.002560297638752492      0.22404501359883755
0.0025847569779369048     0.22399421946730147
0.002609216317121318      0.2239434446487199
0.0026335986958410705     0.22389846777235778
0.002657981074560823      0.22385350572170978
0.002682286734969358      0.22380959493300132
0.002706592395377893      0.22376569814548689
0.002730821578866722      0.22371754076481765
0.002755050762355551      0.22366940039594568
0.0027792037095566526     0.22361331119256098
0.0028033566567577544     0.22355724551833348
0.002827433607545977      0.2234927138070404
0.0028515105583342        0.22342821377344532
0.0028755117518296245     0.22335809006055538
0.002899512945325049      0.22328800413232136
0.002923438619895374      0.22321732045450507
0.002947364294465699      0.22314667525718096
0.002971224317446383      0.22308030714357655
0.0029950843404270675     0.22301397276512672
0.003018981095113735      0.22295425136181182
0.003042877849800403      0.2228945569180969
0.00306683898770237       0.2228406677893358
0.003090800125604337      0.22278680024634512
0.003114825820184431      0.2227350236237021
0.003138851514764525      0.22268326671765146
0.003162941939952906      0.2226285657091765
0.0031870323651412872     0.22257388679316004
0.0032111876953367243     0.22251211234367552
0.0032353430255321614     0.22245036647860789
0.003259563435603305      0.2223800597061227
0.0032837838456744495     0.22230979053072963
0.0033080695109610745     0.22223284897598042
0.0033323551762476995     0.2221559529260202
0.0033567062725619813     0.22207692076175858
0.003381057368876263      0.22199793679223828
0.0034054740725040717     0.22192198781827674
0.00342989077613188       0.22184608319454321
0.0034543732638340242     0.22177649947605782
0.0034788557515361687     0.22170695259366238
0.003503404200549694      0.22164353095824293
0.0035279526495632196     0.22158013948940658
0.0035525672376026853     0.22151942185418877
0.0035771818256421506     0.22145873159421783
0.003601862730900931      0.22139568903282558
0.003626543636159711      0.22133267603789616
0.0036512883404366337     0.221262997061188
0.0036760330447135566     0.22119335462795578
0.0037007490746717477     0.2211156378334233
0.003725465104629939      0.2210379671205541
0.0037501070728404662     0.2209542024043437
0.0037747490410509938     0.2208704917435907
0.003799317169440381      0.22078527441333612
0.0038238852978297686     0.22070011322669683
0.003848379807659525      0.22061851171738253
0.0038728743174892815     0.2205369615159206
0.003897295429357914      0.22046192278304577
0.003921716541226547      0.22038692702507692
0.003946064475071529      0.22031799722916887
0.003970412408916511      0.2202491032535627
0.003994687384016274      0.22018290268937615
0.004018962359116037      0.22011673490026706
0.004043164594091951      0.220048684007215
0.004067366829067866      0.21998066780855452
0.004091496541886187      0.21990705285813517
0.004115626254704507      0.21983347890773333
0.004139683662678368      0.21975300589682945
0.004163741070652228      0.21967258245331248
0.004187726390443569      0.21958687605478472
0.004211711710234911      0.21950122636972336
0.004235625157856454      0.21941411131992458
0.004259538605477998      0.21932705507069247
0.004283380396295175      0.21924283835251138
0.004307222187112354      0.21915867645965129
0.004330992535845249      0.21908016470870403
0.004354762884578145      0.21900170023827478
0.00437846362839805       0.2189288351980336
0.0044021643722179545     0.21885601045983252
0.0044258327076922895     0.21878605075374913
0.004449501043166624      0.21871612791565254
0.00447315240929798       0.21864518288306933
0.004496803775429336      0.2185742757593289
0.004520438184384142      0.21849885216613815
0.004544072593338949      0.21842347173325177
0.004567690057274839      0.21834189482036817
0.004591307521210729      0.2182603689152895
0.004614908052276693      0.21817347806033327
0.0046385085833426576     0.21808664557443408
0.004662092193678954      0.21799744230661033
0.00468567580401525       0.21790830083262824
0.004709242505753464      0.21782071459220198
0.0047328092074916785     0.2177331878841243
0.004756359012754603      0.21765028152706345
0.004779908818017527      0.2175674281999459
0.00480344173891936       0.21748985809590193
0.004826974659821194      0.21741233399832602
0.004850490708467408      0.21733824999358223
0.004874006757113622      0.21726420762186222
0.004897505945601045      0.2171902604708487
0.0049210051340884695     0.21711635470985616
0.004944487474505172      0.21703916538053797
0.004967969814921875      0.21696202136811873
0.004991435319347346      0.21687952309290928
0.005014900823772817      0.21679707703877246
0.005038349504277854      0.21670934312962922
0.0050617981847828905     0.21662166878749378
0.005085230053429663      0.21653092550240255
0.0051086619220764365     0.2164402462892405
0.005132077291805485      0.2163500128223372
0.005155492661534534      0.2162598427657177
0.005178934529848004      0.2161730736072012
0.005202376398161473      0.21608636285541083
0.005225875421274713      0.21600431744974885
0.005249374444387952      0.2159223238734898
0.005272930761652956      0.2158440176872529
0.00529648707891796       0.21576575834324874
0.005320100830026489      0.2156883764016195
0.005343714581135018      0.21561104002957554
0.005367385906119413      0.21553124333576867
0.005391057231103807      0.21545149522867862
0.00541478627033784       0.2153668435850185
0.005438515309571874      0.21528224702597187
0.0054623022037715635     0.21519222329937335
0.005486089097971253      0.2151022623905501
0.005509933988195702      0.21500853661431174
0.005533778878420151      0.21491487933958572
0.005557681906072389      0.21482063092149392
0.005581584933724626      0.2147264519055908
0.005605546240552444      0.21463493707864795
0.005629507547380262      0.21454348750935365
0.005653527275477055      0.21445648811340326
0.005677547003573847      0.21436954730852367
0.005701625295379452      0.2142863806686047
0.005725703587185058      0.21420326717560614
0.005749840585486603      0.21412136003174823
0.0057739775837881485     0.21403950422610601
0.005798173431720892      0.2139556134445442
0.005822369279653634      0.21387177661435727
0.0058466241207018365     0.21378338450273024
0.0058708789617500385     0.21369505268233652
0.005895192939747782      0.2136015135344128
0.005919506917745524      0.21350804243432706
0.005943877111007221      0.2134108852745806
0.005968247304268917      0.21331380196280958
0.005992639120766278      0.21321637281265685
0.00601703093726364       0.2131190180683507
0.006041434638643173      0.21302448745373329
0.006065838340022705      0.2129300267053985
0.006090253932075306      0.2128399398773132
0.006114669524127907      0.21274991611653427
0.006139097012647287      0.2126635343204127
0.006163524501166668      0.21257721012089492
0.00618796389194937       0.21249198174665504
0.006212403282732072      0.21240680924720634
0.0062368545815774164     0.21231968954298847
0.006261305880422762      0.21223262833706416
0.006285769093133022      0.21214140718290792
0.006310232305843284      0.21205025056458648
0.006334707438223432      0.21195452574087975
0.00635918257060358       0.21185887249650523
0.00638366962846146       0.21176034558449108
0.00640815668631934       0.2116618948980044
0.006432655675465629      0.2115635185207833
0.006457154664611919      0.2114652182479911
0.0064816655908601205     0.21136980319877177
0.006506176517108322      0.2112744595467568
0.006530699386274776      0.21118326612904934
0.00655522225544123       0.2110921375480196
0.006579757073345102      0.21100421404330374
0.006604291891248974      0.21091635044326268
0.006628838663712278      0.2108291354775932
0.006653385436175582      0.2107419793002627
0.006677944169023165      0.21065267491933348
0.006702502901870748      0.21056343232814312
0.006727073600930283      0.21047021028557136
0.006751644299989819      0.21037705598164108
0.00677622671820689       0.2102798701030232
0.00680080913642396       0.21018275833335975
0.0068253952332891655     0.2100834207021068
0.0068499813301543715     0.2099841608462686
0.0068745672595509535     0.20988556908456804
0.006899153188947536      0.20978705399585154
0.006923738950876295      0.20969161716302703
0.006948324712805054      0.20959625195331302
0.006972910307267198      0.20950469794016272
0.006997495901729342      0.20941320947199224
0.007022081328726473      0.20932438216624058
0.007046666755723604      0.2092356162340864
0.007071252015256529      0.209147034180434
0.007095837274789453      0.20905851305847664
0.0071204223668589715     0.20896767359809174
0.007145007458928491      0.208876898404137
0.007169592383536209      0.20878240080249746
0.007194177308143927      0.20868797315811946
0.0072187620652910504     0.20859011548106143
0.007243346822438173      0.20849233327478353
0.007267931412125503      0.20839303595798833
0.0072925160018128335     0.2082938166376375
0.007317100424041576      0.20819577818232937
0.007341684846270319      0.20809781576585953
0.007366269101041679      0.20800302947315402
0.00739085335581304       0.20790831401272533
0.007415437443122196      0.20781715062134395
0.007440021530431352      0.20772605239056435
0.007464605450291156      0.2076370430866319
0.007489189370150959      0.20754809561954998
0.007513773122557393      0.20745888979431923
0.007538356874963827      0.2073697460243824
0.0075629404599172915     0.207278201084324
0.007587524044870756      0.2071867217120637
0.007612107462372458      0.2070918102363282
0.0076366908798741594     0.2069969696398566
0.007661273753038797      0.20689929559796855
0.007685856626203434      0.20680169702479334
0.007710430978017813      0.20670325557644986
0.007735005329832193      0.2066048910146217
0.0077595679602157925     0.2065081084425184
0.007784130590599391      0.20641140015028664
0.007808681505143091      0.20631786407370584
0.007833232419686791      0.20622439711988538
0.00785777162397879       0.20613408264060396
0.007882310828270789      0.20604383227053305
0.00790683832789662       0.20595523734001636
0.007931365827522453      0.20586670386119818
0.007955881628064983      0.20577760427488162
0.007980397428607516      0.20568856682942036
0.008004901535646956      0.20559712877854713
0.008029405642686397      0.2055057564071493
0.008053898061800305      0.2054113399473272
0.00807839048091421       0.20531699389415722
0.008102871217677457      0.20522039362359487
0.008127351954440703      0.20512386740855953
0.008151821014425523      0.20502698495810695
0.008176290074410342      0.20493017717227363
0.008200747463186251      0.20483520705292318
0.008225204851962162      0.20474030860729478
0.008249650575096173      0.20464854145164021
0.008274096298230185      0.204556840950886
0.008298530361286503      0.20446795351879726
0.008322964424342822      0.20437912831187766
0.008347386832883052      0.2042915195917967
0.008371809241423285      0.20420397112007227
0.00839622000100638       0.20411559029771414
0.008420630760589475      0.2040272708104905
0.008445029876771731      0.20393663255938832
0.008469428992953987      0.2038460590526605
0.008493816471289058      0.20375277264919592
0.008518203949624126      0.2036595551799262
0.008542579795663006      0.20356453367621105
0.008566955641701884      0.20346958400373516
0.008591318599676039      0.2033746448393837
0.008615681557650192      0.2032797775157037
0.008640012741355934      0.20318695287581762
0.008664343925061675      0.20309419681761431
0.008688637053201309      0.2030045182851423
0.008712930181340943      0.2029149035037952
0.008737185313435862      0.20282792494603386
0.008761440445530781      0.2027410060686475
0.008785657641009286      0.20265509807010226
0.00880987483648779       0.20256924812291202
0.008834054154685241      0.2024825919548238
0.008858233472882691      0.20239599488500837
0.008882374973041632      0.20230733582888788
0.008906516473200572      0.20221873885600627
0.008930620214470907      0.20212786771131608
0.00895472395574124       0.20203706209944697
0.008978789997180336      0.20194487080710738
0.009002856038619429      0.20185274723306218
0.009026884439192289      0.20176089940845654
0.00905091283976515       0.20166911890570816
0.009074903658344567      0.20157929870712615
0.009098894476923984      0.20148954279885273
0.009122847772290646      0.20140262375855358
0.009146801067657308      0.20131576468391865
0.009170716898499996      0.20123135468973333
0.009194632729342685      0.20114700098253344
0.009218511154258362      0.2010636745509897
0.009242389579174037      0.20098040280600593
0.009266230656668015      0.20089644341812127
0.009290071734161994      0.20081253956947556
0.009313875522648105      0.20072678769166222
0.009337679311134214      0.20064109394061527
0.009361445868934901      0.20055335286388282
0.009385212426735588      0.20046567291817866
0.009408941812082076      0.20037672691293726
0.009432671197428565      0.20028784397134083
0.00945636346846103       0.20019914510819548
0.009480055739493495      0.20011050906566377
0.009503710954261134      0.20002358839945933
0.00952736616902877       0.1999367279907932
0.009550984385490027      0.19985248393189797
0.009574602601951284      0.19976829626680606
0.009598192864944587      0.19968647794427707
0.009621783127937888      0.19960471256389398
0.009645355123300534      0.19952404679784363
0.009668927118663182      0.19944343232068024
0.009692480863438185      0.19936232971720189
0.009716034608213187      0.19928127894732206
0.009739570116531062      0.199198574588347
0.009763105624848938      0.19911592428028213
0.00978662291082924       0.19903129783965892
0.009810140196809545      0.1989467282350063
0.00983363927456092       0.1988607755338112
0.009857138352312295      0.19877488169578428
0.009880619235932395      0.19868886878147515
0.009904100119552495      0.19860291493583435
0.00992756282312812       0.19851827754273632
0.009951025526703745      0.19843369730898203
0.00997447006431081       0.1983514290472865
0.009997914601917873      0.19826921461312796
0.010021340987621296      0.198189343024232
0.010044767373324718      0.1981095219349784
0.01006817562117861       0.19803105056248627
0.010091583869032505      0.19795262774750616
0.010114973993080102      0.19787408145483404
0.010138364117127699      0.197795583760909
0.01016173613140129       0.19771574572681985
0.010185108145674884      0.19763595800595535
0.010208462064195957      0.19755432402629683
0.010231815982717031      0.19747274285846547
0.0102551518194962        0.197389682770063
0.01027848765627537       0.19730667757842915
0.010301805425312432      0.19722324775858407
0.010325123194349492      0.19713987346914072
0.010348422909633318      0.1970574251727813
0.010371722624917144      0.1969750311123307
0.010395004300425857      0.19689463820346528
0.010418285975934569      0.1968142967252379
0.010441549625635465      0.1967362573472965
0.010464813275336361      0.19665826621693744
0.010488058913185848      0.19658194712647156
0.010511304551035335      0.19650567397542135
0.010534532190979091      0.19642973160097316
0.010557759830922848      0.19635383461720202
0.010580969898407906      0.19627692908511782
0.010604179965892963      0.19620007015773072
0.010627414625831784      0.19612136734111094
0.010650649285770605      0.19604271350650404
0.010673936756225598      0.19596223829704074
0.01069722422668059       0.1958818145151533
0.010720564627685805      0.1958004043061682
0.010743905028691018      0.19571904689197864
0.010767298480553354      0.19563793761032544
0.01079069193241569       0.1955568807811558
0.010814138555715481      0.1954772473854387
0.010837585179015272      0.19539766445752565
0.01086108509460693       0.1953201102944656
0.010884585010198589      0.19524260379935082
0.010908138339211209      0.1951667929183893
0.010931691668223827      0.19509102736780787
0.010955298532061827      0.19501578100703332
0.010978905395899827      0.1949405791678152
0.011002565916243566      0.19486449267091585
0.011026226436587305      0.1947884517058701
0.011049940735393716      0.19471058592291526
0.011073655034200127      0.19463276797579235
0.011097423233703328      0.19455300543454088
0.011121191433206529      0.19447329330560592
0.011145013655918481      0.19439235174824598
0.011168835878630434      0.1943114622905358
0.01119271224734155       0.19423059073609858
0.011216588616052669      0.1941497712628053
0.011240519253832463      0.19407024625165567
0.011264449891612256      0.19399077152525437
0.011288434921809955      0.19391331707564644
0.011312419952007654      0.19383591013242457
0.01133645949825286       0.1937602922661945
0.011360499044498065      0.1936847194544168
0.011384593230701377      0.19360979706032452
0.011408687416904689      0.1935349187454426
0.011432836367258337      0.19345924362357964
0.011456985317611985      0.19338361346998018
0.011481189156590488      0.1933061734535118
0.011505392995568992      0.1932287806731214
0.01152965184792979       0.19314942194488574
0.01155391070029059       0.19307011304256316
0.011578224691074687      0.19298953203898886
0.011602538681858784      0.19290900259978636
0.011626907936391378      0.1928284390758565
0.011651277190923973      0.19274792717055547
0.011675687615886915      0.19266872815011582
0.011700098040849859      0.19258957893790424
0.011724467964838253      0.19251275130776196
0.01174883788882665       0.19243597035055893
0.011773154367507458      0.1923612758565202
0.011797470846188266      0.19228662525582058
0.011821733996771562      0.1922128851791195
0.01184599714735486       0.19213918773907004
0.01187020708679369       0.19206494631679558
0.011894417026232519      0.19199074812336356
0.011918573871223428      0.19191504397304068
0.011942730716214336      0.1918393849239983
0.01196683458319794       0.19176215011579756
0.011990938450181543      0.19168496246516611
0.012014989455343104      0.1916069403596625
0.012039040460504667      0.19152896655488996
0.012063038719774634      0.1914513577655831
0.012087036979044601      0.19137379683111055
0.012110982608099192      0.19129777998920205
0.012134928237153782      0.19122180898542046
0.012158821351415501      0.19114805146943184
0.012182714465677221      0.19107433692654155
0.012206555180315477      0.1910026270484919
0.012230395894953732      0.19093095758281894
0.012254184324885321      0.1908602337764621
0.012277972754816912      0.19078954914210955
0.01230170901470664       0.19071843001169506
0.012325445274596367      0.19064735049458492
0.012349129478857537      0.19057486175763083
0.012372813683118707      0.19050241431091886
0.012396445945913739      0.19042841233643445
0.01242007820870877       0.1903544535934449
0.01244365864394969       0.1902795677524264
0.01246723907919061       0.1902047263545518
0.01249076780053963       0.19013003777840698
0.012514296521888648      0.19005539348891237
0.012537773642758729      0.18998201916425217
0.012561250763628809      0.18990868753514867
0.01258467639718415       0.18983736638737359
0.01260810203073949       0.18976608542776038
0.012631476289896155      0.18969679310390225
0.01265485054905282       0.1896275385230756
0.012678173546479205      0.1895594335580588
0.01270149654390559       0.18949136490977478
0.012724768392023016      0.1894231737082158
0.01274804024014044       0.18935501888810835
0.01277126105112367       0.1892856836660985
0.012794481862106903      0.1892163861587645
0.01281767224587844       0.1891454814574631
0.012840862629649976      0.18907461637803433
0.012864071599950705      0.1890023866255413
0.012887280570251432      0.1889301981690223
0.01291051026141408       0.18885754877556074
0.012933739952576727      0.18878494126788187
0.012956990383100792      0.18871298165568726
0.012980240813624859      0.18864106313356543
0.013003512002026344      0.18857068862603413
0.01302678319042783       0.18850035330254847
0.01305007515523927       0.18843180921693817
0.01307336712005071       0.18836330212646393
0.013096679879821197      0.18829603115014398
0.013119992639591684      0.18822879564767656
0.013143326212886853      0.18816168146874562
0.013166659786182021      0.1880946025295559
0.01319001419158409       0.1880264531005203
0.01321336859698616       0.18795834006821951
0.013236743853093945      0.1878884811981576
0.01326011910920173       0.18781866073964207
0.013283515234630644      0.1877472267541369
0.013306911360059556      0.18767583312564937
0.013330328373441627      0.1876036007370082
0.013353745386823697      0.18753140975523497
0.013377183306807601      0.1874594605602323
0.013400621226791507      0.1873875524870128
0.013424080072042554      0.187316892719626
0.013447538917293602      0.1872462725352925
0.013471018706493787      0.18717742402532628
0.01349449849569397       0.18710861293263717
0.013517999247541938      0.1870413226229225
0.013541499999389906      0.186974067880117
0.013565021732601039      0.18690733861909847
0.013588543465812172      0.18684064423037633
0.013612086199118497      0.18677318240364038
0.013635628932424822      0.18670575624599955
0.01365919268457515       0.18663664554889683
0.013682756436725478      0.1865675724368559
0.01370634122648533       0.18649669248203696
0.013729926016245184      0.18642585226629468
0.013753531862396848      0.18635384212984651
0.01377713770854851       0.18628187318186193
0.013800764629891032      0.18620982269463676
0.013824391551233554      0.18613781351524866
0.013848039566582765      0.186066824707962
0.013871687581931975      0.18599587595125927
0.013895356710120512      0.18592662007180827
0.01391902583830905       0.18585740216600133
0.013942716098186356      0.18578980195084246
0.013966406358063663      0.18572223773938693
0.013990117684651259      0.18565543500482082
0.014013829011238854      0.18558866730821094
0.014037560478405193      0.18552138892460374
0.014061291945571533      0.1854541460813643
0.014085043314581876      0.1853853371385881
0.014108794683592218      0.18531656550589828
0.01413256597113678       0.18524590933275278
0.014156337258681342      0.18517529270738595
0.014180128481464344      0.18510329309488063
0.014203919704247349      0.18503133473940292
0.014227730878987016      0.18495902382385018
0.014251542053726685      0.1848867546244087
0.014275373197155255      0.18481526168396029
0.014299204340583826      0.18474380950125383
0.01432305546944759       0.1846739361207879
0.014346906598311351      0.18460410154554277
0.01437077772937062       0.18453595181587346
0.014394648860429888      0.1844678388263527
0.01441854001045904       0.18440068090465933
0.01444243116048819       0.18433355852740274
0.014466342346275682      0.1842661215655995
0.014490253532063173      0.1841987204273692
0.014514184770411507      0.18412983877457964
0.01453811600875984       0.18406099461931213
0.014562067316485638      0.18399019655851073
0.014586018624211437      0.18391943832227997
0.014609990018145422      0.18384713042228598
0.014633961412079408      0.1837748642706233
0.014657952909066407      0.18370204111774358
0.014681944406053405      0.18362926043378328
0.014705956022952375      0.18355707948659805
0.014729967639851346      0.1834849402637623
0.014753999393535392      0.1834142863270685
0.014778031147219439      0.18334367225562817
0.014802083054575805      0.18327475914207414
0.01482613496193217       0.18320588378353492
0.014850207039862269      0.18313809053586977
0.014874279117792367      0.1830703336841103
0.014898371383211772      0.18300240649399246
0.014922463648631175      0.1829345158141439
0.014946576118469659      0.18286519734957868
0.014970688588308143      0.18279591702323583
0.014994821279509681      0.18272462789786562
0.015018953970711218      0.18265337932683473
0.015043106900233975      0.18258045724003458
0.015067259829756733      0.18250757780670487
0.015091433014573118      0.18243401305737053
0.015115606199389505      0.18236049185437303
0.015139799656486146      0.18228747187694275
0.015163993113582788      0.18221449481656712
0.015188206859960559      0.18214294681215312
0.01521242060633833       0.18207143990788321
0.015236653269544428      0.18200164043029327
0.015260885932750526      0.18193187990124052
0.015285124060943487      0.18186327905128452
0.015309362189136448      0.18179471568101233
0.015333602392539905      0.18172606892342363
0.015357842595943362      0.18165745966510977
0.015382084874734444      0.1815874825066772
0.015406327153525525      0.1815175444327466
0.015430571507882174      0.18144560873514265
0.015454815862238822      0.18137371456220505
0.015479062292339026      0.18130013329397057
0.015503308722439229      0.18122659569929633
0.015527557228460182      0.181152383037994
0.015551805734481134      0.18107821494581058
0.015576056316601085      0.18100457961458322
0.015600306898721036      0.1809309881781588
0.015624559557117218      0.18085884795539325
0.0156488122155134        0.18078674976350984
0.015673066950363836      0.1807163724950219
0.015697321685214274      0.18064603506668667
0.015721578496697024      0.18057685403543736
0.015745835308179773      0.18050771136277088
0.015770094196472108      0.18043848244523283
0.015794353084764446      0.18036929191132486
0.01581861405004442       0.18029870153295438
0.0158428750153244        0.1802281511850933
0.015867138057770083      0.18015552433207807
0.015891401100215766      0.18008294008313433
0.01591566622000453       0.1800085504526172
0.015939931339793295      0.1799342057592747
0.01596419853710325       0.1798590474803899
0.015988465734413204      0.17978393522948527
0.016012735009422435      0.17970920916035735
0.016037004284431663      0.17963452862337514
0.016061275637317587      0.17956113469513998
0.016085546990203516      0.17948778460844392
0.016109820421144283      0.17941596667010035
0.01613409385208505       0.1793441905701203
0.016158369361258817      0.1792733820052148
0.016182644870432583      0.17920261399428802
0.01620692245801678       0.17913160570726122
0.016231200045600976      0.1790606381945268
0.016255479711774067      0.17898815778424354
0.016279759377947154      0.17891571999363148
0.016304041122886602      0.1788411315899915
0.016328322867826046      0.17876658856256664
0.016352606691710056      0.17869021165636603
0.016376890515594062      0.1786138825745056
0.016401176418600914      0.17853674857781157
0.016425462321607763      0.1784596635179673
0.016449750303914924      0.17838300109188154
0.016474038286222084      0.1783063870377053
0.016498328348007865      0.17823113813862315
0.016522618409793643      0.17815593575779945
0.016546907988182424      0.17808238455793876
0.016571197566571202      0.17800887765225926
0.01659545898313851       0.17793655235148848
0.016619720399705818      0.1778642697541162
0.016643946160196307      0.17779197747360556
0.016668171920686797      0.17771972783789433
0.016692362077502847      0.17764616298874797
0.016716552234318897      0.17757264242661205
0.016740706839785856      0.17749712606587587
0.016764861445252816      0.17742165660725095
0.01678898055161916       0.17734444778751507
0.0168130996579855        0.17726728823962182
0.016837183317422896      0.17718935870624028
0.01686126697686029       0.1771114795330323
0.016885315241463722      0.1770340009536661
0.016909363506067157      0.1769565721967406
0.016933376427855078      0.17688047061478115
0.016957389349642995      0.17680441702944788
0.01698136698055737       0.17672999681093182
0.017005344611471743      0.17665562235787047
0.01702928700337824       0.17658239081924315
0.017053229395284735      0.17650920347844293
0.017077136599972773      0.1764360346783725
0.017101043804660807      0.1763629099791746
0.017124915873843686      0.1762885580966082
0.017148787943026565      0.176214251867895
0.017172624928341602      0.17613798190374128
0.01719646191365664       0.1760617602022921
0.017220263866665246      0.17598370387390064
0.017244065819673856      0.1759056983407665
0.017267832791861684      0.17582671411618578
0.017291599764049516      0.17574778208151093
0.01731533180682654       0.1756690069048605
0.01733906384960356       0.17559028370873142
0.0173627610143042        0.1755126696338073
0.017386458179004843      0.1754351059722062
0.017410120516888068      0.17535906567304416
0.017433782854771297      0.17528307364624313
0.017457410417020758      0.17520828395057142
0.01748103797927022       0.17513354083491564
0.017504630816994333      0.1750590068076377
0.017528223654718445      0.17498451900348425
0.01755178181895052       0.17490899925131817
0.0175753399831826        0.1748335270430405
0.017598863524880944      0.17475616186278348
0.017622387066579284      0.17467884678359485
0.01764587603662731       0.174599571282358
0.017669365006675333      0.17452034863375812
0.017692819455881675      0.1744398474204277
0.017716273905088016      0.17435940090907281
0.01773969388418664       0.17427873474265473
0.017763113863285263      0.1741981236047793
0.01778649942293556       0.17411827482872116
0.017809884982585858      0.17403847996345878
0.01783323617337278       0.17396002681951747
0.017856587364159703      0.17388162562657097
0.017879904236593854      0.17380449299343176
0.017903221109028006      0.17372741046126433
0.01792650664592121       0.17365083171811468
0.017949792182814416      0.17357430229331366
0.017973074881645533      0.1734970134305756
0.017996357580476647      0.1734197748515573
0.018019644623464295      0.1733407060428321
0.018042931666451947      0.17326169003271605
0.01806622305440657       0.17318045179136307
0.01808951444236119       0.173099269532541
0.018112810176093334      0.17301629067118407
0.018136105909825482      0.17293337045013088
0.018159405990146257      0.17284961031399326
0.01818270607046703       0.17276591007682038
0.0182060104981873        0.172682412109057
0.01822931492590757       0.17259897370418573
0.018252623701838378      0.1725164889963979
0.018275932477769187      0.17243406235541708
0.01829924560272208       0.17235276346814302
0.01832255872767497       0.172271520882178
0.018345876202461274      0.1721908830101615
0.01836919367724758       0.17211030044322462
0.01839251550267878       0.17202926684851805
0.01841583732810998       0.17194828911222357
0.018439163504998052      0.1718657056701288
0.018462489681886126      0.17178318038280635
0.018485820211042794      0.1716983556784878
0.018509150740199463      0.17161359257144598
0.018532485622436964      0.17152664295376402
0.018555820504674466      0.17143975832424718
0.018579159740804922      0.1713514957538318
0.01860249897693538       0.1712633003528198
0.018625842567771028      0.1711748045887118
0.018649186158606678      0.17108637644277505
0.01867253410496028       0.1709985370624408
0.018695882051313888      0.17091076428468607
0.018719234353997985      0.17082396657889826
0.018742586656682082      0.17073723381893888
0.018765943316509374      0.1706512026300582
0.01878929997633667       0.17056523515414612
0.018812660994120343      0.17047907896965261
0.018836022011904017      0.17039298666389552
0.01885938738845709       0.17030551258401333
0.01888275276501017       0.17021810446069893
0.018906122501145817      0.1701283655081682
0.01892949223728146       0.17003869620946807
0.018952866333813323      0.16994647940156715
0.01897624043034518       0.16985433644785908
0.018999618888086708      0.1697602231836708
0.019022997345828234      0.16966618711076714
0.019046380165593044      0.16957120468300255
0.019069762985357855      0.16947630104664932
0.019093150167960066      0.16938145458673895
0.01911653735056228       0.16928668674119718
0.019139928896815674      0.16919257136878033
0.01916332044306907       0.16909853335962133
0.01918671635378809       0.16900510232788749
0.019210112264507112      0.16891174746419838
0.01923351254050596       0.1688182682325475
0.019256912816504806      0.16872486522435934
0.019280317458597852      0.1686301698757527
0.019303722100690902      0.16853555284486416
0.019327131109693012      0.16843852718148994
0.019350540118695123      0.16834158398266535
0.019373955817941053      0.16824171008679592
0.019397371517186984      0.16814192391289093
0.01942081749217049       0.16803941964303257
0.019444263467153992      0.16793700812603796
0.01946774591012343       0.16783276289008298
0.01949122835309287       0.1677286138514035
0.019514747320770718      0.1676236718624077
0.019538266288448566      0.16751882750663463
0.019561821837645543      0.1674139222956673
0.019585377386842517      0.16730911468755433
0.019608969574457694      0.16720437973256277
0.01963256176207287       0.16709974204991057
0.01965619064509383       0.16699460575549238
0.019679819528114793      0.16688956749767545
0.019703485163617748      0.16678289152957906
0.019727150799120702      0.16667631662648352
0.01975085324427065       0.16656684039087052
0.019774555689420603      0.16645747089906404
0.01979829500147145       0.1663443973240659
0.01982203431352229       0.16623143806988278
0.019845810549816996      0.16611483647079256
0.019869586786111698      0.16599835693234052
0.019893400004082414      0.16587902481107034
0.01991721322205313       0.1657598209695355
0.019941063479221345      0.16563881051196086
0.019964913736389558      0.16551793228418346
0.019988801090366215      0.16539605077662312
0.02001268844434287       0.16527430360810347
0.020036612952828534      0.16515177142106882
0.0200605374613142        0.16502937514572918
0.020084499182099164      0.16490567824893304
0.02010846090288413       0.16478212001953096
0.02013245989384862       0.16465610115846152
0.02015645888481311       0.1645302265064888
0.020180495203927326      0.16440048153348538
0.020204531523041545      0.1642708899122142
0.02022860522836588       0.16413643251077803
0.020252678933690215      0.1640021404823647
0.02027679008337537       0.16386286633140223
0.020300901233060522      0.16372377038781502
0.020325049885347633      0.16358038820328466
0.020349198537634745      0.16343719563957224
0.020373384750855553      0.16329073510721334
0.020397570964076364      0.16314447306539206
0.020421794796653334      0.16299573309252982
0.020446018629230307      0.16284719836495531
0.02047028013967677       0.16269635217135817
0.020494541650123235      0.16254571755016833
0.020518840897043526      0.16239213456481472
0.02054314014396382       0.16223877142208254
0.02056747718605345       0.1620811428976768
0.02059181422814308       0.16192374664357595
0.020616189124188847      0.1617605193300988
0.020640564020234613      0.16159754203464843
0.020664976829114737      0.16142760226404865
0.02068938963799486       0.16125793471270272
0.020713840418679158      0.16108111833865615
0.02073829119936346       0.16090459803474685
0.02076278001091346       0.16072159386842344
0.020787268822463463      0.16053890825583714
0.020811795724032568      0.16035069014092113
0.020836322625601672      0.16016281032891275
0.020860887676435284      0.15997003271074042
0.020885452727268897      0.15977761126121798
0.020910016923089893      0.15958052792919297
0.020934581118910892      0.1593838181348934
0.020959023696411186      0.15918256267265568
0.020983466273911476      0.1589816981221234
0.0210077792860993        0.15877491185882647
0.02103209229828713       0.15856853991638947
0.021056276431962832      0.1583546947329203
0.021080460565638535      0.15814129459660706
0.02110451650396184       0.1579194418866549
0.021128572442285144      0.15769807045828327
0.02115250086479448       0.15746824966093412
0.021176429287303816      0.15723894783953893
0.021200230869935534      0.15700195821967464
0.021224032452567248      0.1567655230555607
0.02124770786767466       0.15652234679102153
0.021271383282782073      0.15627975692393428
0.02129493319915451       0.156031000542587
0.02131848311552695       0.15578286041037911
0.0213419081984086        0.1555284467228454
0.02136533328129025       0.15527468034298716
0.021388634192398982      0.15501379640688823
0.021411935103507713      0.1547535960208314
0.021435112501053764      0.1544849026118034
0.021458289898599815      0.15421693750508808
0.021481344437304355      0.1539390144438814
0.021504398976008896      0.1536618742167604
0.02152733130712258       0.15337374661940165
0.021550263638236263      0.15308646449990193
0.021573074409557566      0.15278800977599466
0.02159588518087887       0.15249046674782865
0.021618575036772423      0.15218236941691055
0.021641264892665976      0.15187524849803227
0.021663834474080775      0.15155850990068281
0.021686404055495573      0.15124280835618342
0.021708853999983048      0.15091818470987567
0.02173130394447052       0.15059465571381828
0.02175363488620257       0.1502623389836707
0.02177596582793462       0.14993117497197608
0.021798178397721524      0.14959070712331532
0.02182039096750843       0.14925145513653731
0.021842485792816675      0.14890184814234622
0.021864580618124924      0.14855352951296097
0.021886558323094916      0.14819358513809966
0.021908536028064907      0.14783501337750063
0.02193039723352859       0.14746378504536842
0.021952258438992272      0.14709402435412172
0.02197400376249071       0.14671121959539005
0.021995749085989145      0.14632998378609816
0.022017379141789913      0.14593612341212575
0.02203900919759068       0.14554393297422175
0.022060524596705246      0.1451402699612501
0.022082039995819813      0.1447383707149902
0.022103441346020804      0.14432642572459214
0.022124842696221794      0.14391632780350402
0.022146130602060145      0.14349739062408026
0.022167418507898495      0.14308037437210752
0.022188593570720543      0.14265521392656985
0.02220976863354259       0.14223204293425548
0.022230831451507033      0.14180092014561588
0.022251894269471474      0.14137185445228057
0.022272845437566316      0.1409346939874375
0.02229379660566116       0.14049966055039684
0.02231463671572046       0.14005636756574938
0.02233547682577976       0.1396152741210137
0.02235620646650041       0.13916617591251595
0.02237693610722106       0.13871934816600318
0.022397555864179367      0.13826567086991687
0.022418175621137675      0.13781432395883345
0.02243868607680593       0.13735838720555207
0.02245919653247418       0.13690481777424315
0.02247959826623709       0.1364497567812787
0.0225                    0.13599706771652095
